0 -5.52728 -1.78876 7.91948 129 89 53 0 4 764 5 565
1 -5.21767 -0.203956 7.57816 239 186 132 0 4 1753 5 190
2 -5.40194 -1.25249 7.94144 238 189 123 0 4 1941 5 673
3 -5.26885 -0.421594 7.83803 208 157 110 0 4 2697 5 547
4 -5.16788 0.0778697 7.75555 176 129 87 0 4 3318 5 474
5 -5.31352 -0.72052 8.04313 197 150 98 0 4 3471 5 868
6 -5.16602 0.0652997 7.99351 239 205 157 0 4 4741 5 831
7 -5.16602 0.0652997 7.99351 239 205 157 0 4 4741 5 831
8 -5.41922 -1.16776 8.7499 180 136 91 0 4 6605 5 2666
9 -5.0373 0.726791 8.09744 236 192 119 0 4 7261 5 1087
10 -5.31519 -0.692329 8.65606 157 113 64 0 4 7347 5 2494
11 -4.88364 1.33203 7.94718 163 116 70 0 4 8320 5 1000
12 -5.06746 0.498736 8.485 235 184 119 0 4 9730 5 2243
13 -5.1394 0.3283 8.64405 244 202 126 0 4 9931 5 2555
14 -4.85301 1.55134 8.23041 244 197 127 0 4 11269 5 1644
15 -4.90562 1.48011 8.33951 230 180 117 0 4 11376 5 1802
16 -5.63548 -2.16521 9.99563 189 143 93 0 4 12328 5 8006 17 21971
17 -4.76753 1.91168 8.26102 223 178 123 0 4 12988 5 1943
18 -4.77779 2.0107 8.48085 211 169 119 0 4 14950 5 2572
19 -5.65129 -2.19685 10.3927 195 153 103 0 4 15070 5 9592
20 -5.61026 -2.24562 10.4252 207 164 111 0 4 15700 5 10136
21 -5.19455 -0.0656768 9.62328 207 155 97 0 4 16546 5 7458
22 -5.42769 -1.12953 10.1445 216 166 105 0 4 16615 5 9010
23 -5.36416 -0.851589 10.1192 239 209 175 0 4 17326 5 9069
24 -4.94553 1.15094 9.25535 120 94 67 0 4 17834 5 6278 15 910
25 -5.39746 -0.857338 10.3641 231 200 172 0 4 18603 5 9879
26 -5.39746 -0.857338 10.3641 231 200 172 0 4 18603 5 9879
27 -4.76166 2.00844 8.96818 93 59 31 0 4 18989 5 5248
28 -5.09999 0.409165 9.76794 88 69 54 0 4 19143 5 8173
29 -5.06814 0.675484 9.72235 150 107 54 0 4 19458 5 7904
30 -5.23204 -0.19929 10.1681 218 170 104 0 4 19826 5 9552
31 -5.17652 0.112053 10.0517 172 126 74 0 4 19911 5 9106
32 -5.17001 0.235838 10.0823 219 180 113 0 4 20142 5 9138
33 -5.09688 0.346534 9.93638 225 181 120 0 4 20170 5 8960
34 -5.14756 0.184285 10.1461 239 201 130 0 4 20701 5 9700
35 -4.81397 1.77931 9.37999 240 209 162 0 4 20840 5 7155
36 -5.23224 -0.0369319 10.4526 221 176 121 0 4 21289 5 10498
37 -5.54713 -1.6607 11.2721 224 175 119 0 4 21491 5 12554
38 -4.89448 1.37355 9.76519 227 194 143 0 4 21714 5 8604
39 -4.91686 1.28491 9.84829 217 186 139 0 4 21819 5 8879
40 -5.40261 -1.0921 11.1614 229 178 121 0 4 22149 5 12575
41 -5.35664 -0.723623 11.0549 138 94 49 0 4 22214 5 12294
42 -4.83568 1.71438 9.80836 201 154 98 0 4 22356 5 8846
43 -5.0226 0.81802 10.3196 164 114 63 0 4 22485 5 10583
44 -5.22243 -0.0787457 10.8932 145 101 56 0 4 22750 5 12058
45 -5.13136 0.212769 10.7298 207 170 125 0 4 22908 5 11915
46 -4.56101 2.87407 9.36898 239 189 128 0 4 23157 5 7732
47 -5.13268 0.187443 10.8388 152 102 53 0 4 23229 5 12184
48 -5.25461 -0.358175 11.2208 199 159 110 0 4 23415 5 12853
49 -5.11391 0.430075 10.8518 207 166 100 0 4 23418 5 12122
50 -5.27627 -0.690647 11.3288 146 103 60 0 4 23535 5 13183
51 -5.41786 -1.09173 11.6902 222 179 126 0 4 23593 5 13550
52 -5.41786 -1.09173 11.6902 222 179 126 0 4 23593 5 13550
53 -5.65287 -2.41611 12.3339 209 168 106 0 4 23644 5 14448
54 -5.2157 -0.0523718 11.2055 220 174 114 0 4 23708 5 12776
55 -5.17836 0.161722 11.1141 107 67 31 0 4 23736 5 12602
56 -5.24838 -0.285709 11.305 205 160 103 0 4 23739 5 12983
57 -5.42458 -1.06727 11.779 162 118 71 0 4 23824 5 13661
58 -5.35629 -0.765914 11.6076 222 189 146 0 4 23838 5 13455
59 -4.63511 2.61118 9.85635 168 121 67 0 4 24195 5 9584
60 -5.38265 -0.961574 11.8255 143 97 47 0 4 24233 5 13835
61 -5.86157 -3.27919 13.2287 4 0 0 0 4 24486 5 15635
62 -4.80808 1.90535 10.5762 234 187 117 0 4 24821 5 11851 15 1797
63 -5.71901 -2.74421 13.0571 131 92 49 0 4 24838 5 15600
64 -5.84041 -3.01215 13.4346 118 83 45 0 4 24959 5 15993
65 -5.40818 -1.02194 12.3164 208 169 104 0 4 25045 5 14512
66 -5.73582 -2.79582 13.3075 150 104 54 0 4 25201 5 16125
67 -4.98101 1.20718 11.2434 220 177 99 0 4 25311 5 13015
68 -4.94768 1.13427 11.1955 214 170 95 0 4 25382 5 13118
69 -4.94768 1.13427 11.1955 214 170 95 0 4 25382 5 13118
70 -5.5684 -1.73267 13.1016 222 172 123 0 4 25823 5 15679
71 -5.71628 -2.43177 14.3268 175 132 81 0 4 26786 5 18362
72 -3.56275 7.39397 9.30653 227 191 139 0 4 28284 5 10101
73 -4.1957 4.56385 11.6552 200 155 100 0 4 28656 5 14813
74 -4.00244 5.56945 11.8009 240 198 138 0 4 31122 5 15265
75 -3.88785 6.05004 11.7313 132 85 43 0 4 32304 5 15310
76 -5.89146 -3.31505 19.8697 185 148 93 0 4 32870 5 23146
77 -4.2261 4.64275 13.3051 195 154 92 0 4 32888 5 18508
78 -4.2261 4.64275 13.3051 195 154 92 0 4 32888 5 18508
79 -3.82405 6.24544 11.9376 255 250 191 0 4 33275 5 15977
80 -3.81202 6.36152 12.3401 236 195 129 0 4 34423 5 17108
81 -4.0924 5.19136 13.494 169 131 92 0 4 34433 5 19137
82 -3.82576 6.31928 12.5217 223 180 127 0 4 34874 5 17545
83 -3.53426 7.12678 11.4432 162 117 75 0 4 35169 5 15712
84 -3.7724 6.38193 12.4521 178 132 83 0 4 35323 5 17657
85 -3.93282 5.53096 13.1558 200 172 125 0 4 35330 5 19069
86 -4.14972 4.97401 14.1674 225 186 107 0 4 35790 5 19893
87 -3.86968 5.93187 13.0724 196 160 102 0 4 35927 5 18923
88 -6.49995 -6.02766 25.0115 189 150 95 0 4 36677 5 26945
89 -3.46451 7.3539 11.7503 184 155 115 0 4 36851 5 16855
90 -3.28228 8.18838 11.3734 222 193 153 0 4 37960 5 16111
91 -3.2482 8.18269 11.3192 156 126 90 0 4 38156 5 16208
92 -3.51263 7.52705 13.7868 226 189 119 0 4 40523 5 20191
93 -6.77994 -7.52111 31.199 165 127 78 0 4 41032 5 29085
94 -4.10383 5.28414 17.2 53 2 0 0 4 41220 5 22477
95 -3.59666 7.76619 14.6994 125 86 27 0 4 41597 5 20526 17 1174
96 -3.56036 7.31886 15.0456 209 175 103 0 4 42197 5 21027
97 -4.05319 5.67077 18.1064 48 3 0 0 4 42815 5 23142
98 -3.10631 9.22581 13.1724 119 86 51 0 4 43262 5 20034 10 521
99 -6.86092 -7.63924 35.6582 131 97 59 0 4 43815 5 31734
100 -2.84117 9.80886 12.363 227 195 148 0 4 44331 5 19722
101 -2.84117 9.80886 12.363 227 195 148 0 4 44331 5 19722
102 -6.42902 -5.15087 34.1228 110 77 44 0 4 44577 5 31110
103 -6.61681 -6.86949 36.0612 206 172 124 0 4 44913 5 32108
104 -6.61681 -6.86949 36.0612 206 172 124 0 4 44913 5 32108
105 -3.19326 9.29456 14.7262 160 124 72 0 4 45029 5 20942
106 -3.80951 7.03731 18.5048 233 195 114 0 4 45090 5 23708
107 -3.78486 7.0548 18.5346 140 99 35 0 4 45231 5 23827
108 -2.96536 9.9726 13.9399 157 124 89 0 4 45878 5 20610
109 -3.90529 6.57081 19.9186 134 76 28 0 4 45941 5 25007 6 66327
110 -3.62652 7.98232 18.1174 240 199 137 0 4 46026 5 23423
111 -3.24955 9.11623 16.0875 231 193 122 0 4 46395 5 22345
112 -6.69872 -6.05032 39.1722 205 154 101 0 4 46484 5 32584
113 -6.57728 -4.9191 38.9451 192 165 118 0 4 46833 5 32412
114 -6.57728 -4.9191 38.9451 192 165 118 0 4 46833 5 32412
115 -3.04265 9.70947 15.1804 211 177 116 0 4 46858 5 21780
116 -3.52475 8.41293 19.2899 202 158 97 0 4 47594 5 24710
117 -3.3381 8.98553 18.3296 248 209 140 0 4 47875 5 24162
118 -3.4664 8.53993 19.3102 187 147 78 0 4 47943 5 24973
119 -3.484 10.2323 19.0528 177 139 90 0 4 48003 5 23670
120 -3.48854 8.68529 19.5732 255 220 148 0 4 48065 5 25048
121 -3.26685 9.38079 18.335 220 179 133 0 4 48379 5 24207
122 -7.39047 -9.47772 49.9774 159 112 58 0 4 48470 5 35123
123 -3.28748 9.50012 19.1381 255 235 169 0 4 48965 5 24947
124 -3.16712 9.64664 18.5247 255 229 154 0 4 49183 5 24614
125 -2.74702 11.1318 15.2955 229 200 166 0 4 49195 5 22219
126 -3.49685 8.47051 21.1548 100 59 13 0 4 49248 5 26775
127 -3.34711 9.71661 19.9393 243 197 145 0 4 49380 5 25310
128 -3.33916 9.07426 20.119 135 90 35 0 4 49408 5 26022
129 -2.93144 10.5991 17.0165 208 169 112 0 4 49476 5 23437
130 -3.17351 9.73458 19.0179 255 214 148 0 4 49534 5 25097
131 -3.04145 10.2876 18.5701 255 220 158 0 4 50207 5 24853
132 -3.19117 9.96725 20.0052 215 192 116 0 4 50413 5 25975
133 -3.05347 10.0418 19.1482 234 193 129 0 4 50588 5 25536
134 -3.1028 10.1431 19.8638 255 254 177 0 4 50904 5 26087 18 13759
135 -3.10316 10.3672 20.096 255 255 169 0 4 51136 5 26163
136 -2.90909 10.4178 18.8758 173 126 80 0 4 51401 5 25671
137 -3.06518 10.4526 20.2786 255 234 170 0 4 51523 5 26417
138 -3.50337 9.2188 24.8089 240 192 120 0 4 51934 5 28300
139 -3.02592 10.8076 20.6752 164 125 60 0 4 52080 5 26803
140 -2.54559 11.9443 16.7219 252 217 163 0 4 52342 5 23908
141 -2.53839 11.9877 16.7022 251 220 165 0 4 52403 5 23889
142 -2.90152 10.9846 20.0593 181 152 82 0 4 52444 5 26593
143 -2.5043 12.0445 16.5836 255 221 169 0 4 52604 5 23844
144 -2.5033 12.0262 17.1096 165 128 84 0 4 52980 5 24396
145 -3.03238 10.3555 22.3249 202 161 109 0 4 53037 5 27884
146 -2.38284 12.1696 16.1073 254 217 172 0 4 53044 5 23759
147 -2.55663 12.0499 17.6672 184 143 99 0 4 53056 5 24791
148 -2.45601 12.4186 17.4151 230 196 151 0 4 53591 5 24681
149 -3.45273 9.65747 27.6165 161 18 14 0 4 53701 5 29433
150 -3.25699 10.3397 25.8824 255 215 142 0 4 53817 5 28815
151 -2.49213 12.7523 18.3283 227 190 138 0 4 54085 5 25328
152 -2.75358 11.9303 21.1044 168 125 70 0 4 54102 5 27362
153 -3.083 11.187 25.459 209 165 100 0 4 54688 5 28738
154 -2.60842 12.6222 20.8036 255 225 153 0 4 55135 5 27308
155 -2.34341 12.8935 18.1599 255 250 209 0 4 55222 5 25817
156 -3.2294 10.688 28.7331 203 162 108 0 4 55642 5 30674
157 -3.1072 11.2561 27.2729 114 83 29 0 4 55703 5 29646 20 4837
158 -2.88038 11.8984 24.6627 200 156 95 0 4 55707 5 28617
159 -2.3847 12.8255 19.4283 193 161 104 0 4 55960 5 26996
160 -2.34144 13.2746 18.7958 154 119 77 0 4 55991 5 26233 11 268
161 -2.47547 13.466 21.2465 173 136 94 0 4 56945 5 27575
162 -2.56613 12.5693 23.3963 194 158 110 0 4 57352 5 28549
163 -2.54437 13.6068 23.3694 167 139 115 0 4 57762 5 28316
164 -2.44874 13.2148 22.6053 102 82 71 0 4 57834 5 28311
165 -3.12464 12.7026 33.4965 168 131 86 0 4 58531 5 32393
166 -2.73417 12.9755 28.8318 152 111 65 0 4 58676 5 31556
167 -2.55931 13.1866 27.991 86 52 7 0 4 58977 5 31572
168 -2.88951 13.0806 32.6235 148 110 74 0 4 58981 5 32504
169 -2.06932 14.7166 20.6582 176 142 96 0 4 59088 5 27747
170 -2.69168 12.9461 31.0174 215 175 123 0 4 59142 5 32437
171 -2.66877 13.6248 30.4267 217 177 128 0 4 59183 5 32087
172 -2.54961 13.7031 28.8665 217 183 122 0 4 59217 5 31777
173 -2.64956 12.9459 30.842 221 182 127 0 4 59229 5 32470
174 -2.4712 13.8093 28.2217 242 203 146 0 4 59323 5 31673
175 -2.43941 13.8469 28.694 83 52 0 0 4 59510 5 31919
176 -2.43941 13.8469 28.694 83 52 0 0 4 59510 5 31919
177 -2.41368 13.6283 28.512 255 225 170 0 4 59527 5 31982
178 -1.92452 14.8756 20.5562 174 139 97 0 4 59656 5 28077
179 -1.954 15.3262 20.7327 195 166 110 0 4 59676 5 27882
180 -3.37846 12.7478 45.431 107 102 72 0 4 59746 5 35576
181 -2.32875 14.3946 28.7506 233 200 146 0 4 60017 5 32004
182 -2.39646 14.4417 31.1141 248 224 188 0 4 60290 5 32650
183 -2.39646 14.4417 31.1141 248 224 188 0 4 60290 5 32650
184 -2.78365 13.8682 38.7678 87 64 33 0 4 60389 5 34434
185 -2.71234 13.8931 38.7341 182 157 116 0 4 60592 5 34599
186 -2.31034 14.5264 31.074 170 134 76 0 4 60617 5 32768
187 -2.2272 15.0522 29.3884 255 242 172 0 4 60672 5 32216
188 -2.2961 14.5875 32.0691 220 188 141 0 4 60875 5 33153
189 -2.24133 16.2262 29.7188 167 127 75 0 4 60892 5 31937
190 -1.73437 16.3987 20.2568 223 195 156 0 4 60984 5 27750
191 -2.81929 14.2612 43.2282 194 189 160 0 4 61052 5 35807
192 -2.42383 14.944 35.0434 94 60 23 0 4 61065 5 33679
193 -2.34002 15.5554 32.9727 116 88 49 0 4 61079 5 32992
194 -2.34002 15.5554 32.9727 116 88 49 0 4 61079 5 32992
195 -2.38741 14.833 34.8474 242 207 165 0 4 61148 5 33742
196 -2.138 15.3659 29.4939 255 243 173 0 4 61151 5 32343
197 -2.40631 15.0003 35.4694 125 94 63 0 4 61206 5 33844
198 -2.65309 15.1627 40.4835 138 108 72 0 4 61269 5 34853
199 -2.2352 15.3579 32.0153 90 64 29 0 4 61283 5 32979
200 -2.23963 15.3727 32.2329 131 105 72 0 4 61290 5 33069
201 -2.57845 14.7805 43.0239 122 108 79 0 4 61891 5 36328
202 -2.25264 15.4724 36.0761 223 193 141 0 4 62080 5 34256
203 -2.22527 15.6394 35.6159 228 199 157 0 4 62106 5 34092
204 -2.26152 15.7646 36.512 207 174 131 0 4 62160 5 34269
205 -2.61387 16.0318 45.4127 215 186 142 0 4 62298 5 36514
206 -1.90752 16.6712 34.9725 233 198 156 0 4 63185 5 34339
207 -1.97607 17.4252 36.1277 87 53 18 0 4 63198 5 34237
208 -2.0815 17.2696 40.8363 205 176 134 0 4 63325 5 35857
209 -2.1197 17.3186 44.5843 252 219 178 0 4 63535 5 37344
210 -1.7498 17.6214 33.5733 255 221 176 0 4 63675 5 33880 17 882 18 14112
211 -1.68709 17.7507 32.1317 99 66 25 0 4 63744 5 33489
212 -1.6875 17.9508 33.0632 217 185 136 0 4 63866 5 33729 6 75444
213 -1.81879 17.0713 39.4913 118 92 65 0 4 63916 5 36398
214 -1.69063 18.2344 34.3651 171 139 90 0 4 64012 5 34073
215 -1.5529 18.6697 32.3198 218 182 132 0 4 64362 5 33547
216 -1.74661 18.436 41.6289 91 67 39 0 4 64406 5 36832
217 -1.45059 18.4403 31.7359 132 98 50 0 4 64630 5 33689 17 8265
218 -1.67994 18.9944 42.2061 172 149 108 0 4 64690 5 37059
219 -1.48037 18.5158 33.7873 212 179 138 0 4 64691 5 34341
220 -1.48037 18.5158 33.7873 212 179 138 0 4 64691 5 34341
221 -1.44243 19.3061 31.5974 251 216 162 0 4 64800 5 33336
222 -1.54489 20.0104 36.9191 208 175 132 0 4 64910 5 34642 6 77972
223 -1.44339 19.5942 32.9371 227 194 140 0 4 64921 5 33671
224 -1.42496 19.222 33.3445 255 236 191 0 4 64939 5 34016
225 -1.42496 19.222 33.3445 255 236 191 0 4 64939 5 34016
226 -1.34488 19.4152 32.2564 255 234 183 0 4 65203 5 33757
227 -1.28911 19.6804 32.1973 233 196 144 0 4 65427 5 33768
228 -1.2079 19.2269 30.975 165 131 86 0 4 65541 5 33738
229 -1.27191 19.8778 33.6193 223 192 138 0 4 65548 5 34272
230 -1.27133 20.004 33.5698 255 233 173 0 4 65556 5 34202
231 -1.201 19.9347 33.8609 224 191 140 0 4 65755 5 34587 6 74575
232 -1.21876 20.2421 34.3854 224 191 140 0 4 65755 5 34587
233 -1.09499 19.7983 31.3229 227 193 147 0 4 65978 5 33939
234 -1.14774 20.4114 34.7578 255 230 179 0 4 65993 5 34891
235 -1.21244 20.8076 41.9966 154 120 83 0 4 66018 5 37811
236 -1.11136 20.1061 34.087 253 220 167 0 4 66039 5 34898 6 75147
237 -1.07009 20.4643 35.381 150 117 74 0 4 66230 5 35435
238 -1.13853 22.0443 42.4853 175 143 104 0 4 66282 5 37597
239 -1.04462 21.1409 33.7419 255 237 181 0 4 66321 5 34447
240 -1.00826 20.7821 33.9223 255 230 173 0 4 66361 5 34814
241 -0.989325 21.2025 33.0363 226 192 147 0 4 66420 5 34315
242 -0.942 21.3496 34.0894 154 127 74 0 4 66565 5 34821
243 -0.900197 22.2419 42.8008 255 238 201 0 4 66728 5 38541
244 -0.77428 21.7744 40.847 61 44 24 0 4 66955 5 38532
245 -0.783445 23.4222 36.9297 219 188 134 0 4 67149 5 35542
246 -0.607901 23.4147 36.6874 203 174 140 0 4 67555 5 36148
247 -0.485739 23.9382 37.2547 213 184 150 0 4 67916 5 36628
248 -0.397751 23.9757 36.7688 250 222 183 0 4 68203 5 36759
249 -0.338986 24.5494 38.1771 202 172 138 0 4 68392 5 37373
250 -0.338986 24.5494 38.1771 202 172 138 0 4 68392 5 37373
251 -0.232477 24.8861 42.3499 247 215 174 0 4 68514 5 39222
252 -0.318485 23.8997 35.5201 211 182 142 0 4 68520 5 36542
253 -0.145157 26.0023 42.3958 183 153 117 0 4 68901 5 39075
254 0.101753 28.0426 46.8915 255 248 202 0 4 69609 5 39666 6 82661
255 0.0976633 26.2492 38.4336 164 135 103 0 4 70066 5 38325
256 0.141126 26.2444 39.3789 227 195 154 0 4 70110 5 38952
257 0.224454 27.4218 41.2529 192 163 123 0 4 70369 5 39168 20 31337
258 0.377455 28.049 40.7464 177 147 113 0 4 70924 5 39199
259 0.377455 28.049 40.7464 177 147 113 0 4 70924 5 39199
260 0.486343 29.6673 44.6352 166 135 106 0 4 70997 5 39597
261 -5.20072 -1.08341 9.72226 192 151 99 0 6 41541 4 16616
262 -5.27541 -1.09207 10.2312 210 166 119 0 6 45061 4 19175
263 -0.839403 -0.00793177 2.70129 141 49 26 0 6 59330 4 31547
264 -3.88138 4.53333 13.7554 217 172 117 0 6 52791 4 36891
265 -4.02884 4.38405 14.7007 168 117 62 0 6 56370 4 37611 13 31407
266 -4.02884 4.38405 14.7007 168 117 62 0 6 56371 4 37612 11 2011
267 -4.01768 4.50607 15.0975 144 91 51 0 6 57791 4 38414
268 -3.95995 5.10329 15.9399 214 162 104 0 6 59149 4 40144
269 -3.39937 6.1904 13.9642 196 164 105 0 6 50972 4 41326
270 -3.98091 5.80992 18.22 199 143 84 0 6 63679 4 43418
271 -3.17104 7.37196 14.1957 196 164 117 0 6 48728 4 43774
272 -3.14543 8.06985 16.5159 239 202 147 0 6 56728 4 47179
273 -3.37997 7.68421 17.9909 247 211 153 0 6 61450 4 47181
274 -2.75711 9.04494 15.5635 215 178 133 0 6 52202 4 48818
275 -3.12326 8.82382 18.4165 146 110 60 0 6 60850 4 49162
276 -3.02807 9.08862 18.0579 255 223 164 0 6 59523 4 49444
277 -3.052 8.86195 18.5877 230 205 139 0 6 61768 4 49703 17 8229 18 3577
278 -2.73863 9.5637 17.3197 255 227 167 0 6 57651 4 50910
279 -2.81702 9.8906 18.1456 118 82 34 0 6 58656 4 51245
280 -2.78813 10.1695 19.3559 140 99 53 0 6 61710 4 52416
281 -2.7443 10.3058 19.3346 221 181 132 0 6 61554 4 52702
282 -2.64997 10.5938 19.1061 255 238 174 0 6 60656 4 53155
283 -2.62263 10.5288 19.0457 123 94 28 0 6 60886 4 53276
284 -2.51985 11.1401 19.123 249 227 154 0 6 59851 4 54041
285 -2.57825 11.2919 19.8253 243 208 152 0 6 61005 4 54181
286 -2.84166 11.3717 23.5009 255 223 170 0 6 67864 4 55041
287 -3.16906 11.4631 26.8013 190 154 96 0 6 71741 4 55076 13 36810
288 -2.35514 11.5831 19.3017 169 131 84 0 6 60169 4 55717 16 4170
289 -3.92044 11.9825 35.9327 133 127 105 0 6 82570 4 55921
290 -3.05402 12.7301 30.1148 245 213 162 0 6 75531 4 57861
291 -2.37361 12.7535 23.3909 170 133 81 0 6 66864 4 58426
292 -2.10913 12.9594 21.3671 200 168 121 0 6 63220 4 58881
293 -2.78927 14.6614 33.5343 250 218 161 0 6 78594 4 59514
294 -2.45077 14.7303 29.99 138 105 54 0 6 73450 4 59925 16 16793
295 -3.58674 18.1566 51.0078 180 154 117 0 6 87029 4 60506
296 -2.23235 15.0618 29.404 255 238 171 0 6 72830 4 60673
297 -2.11607 15.5692 29.7014 255 225 165 0 6 72777 4 61345
298 -3.63926 20.5319 58.6412 129 114 73 0 6 88345 4 61560
299 -2.78466 18.6518 44.6826 182 163 131 0 6 84556 4 61975
300 -2.38028 18.2433 40.6107 237 206 160 0 6 82925 4 62623
301 -3.11107 23.8964 64.0859 127 94 59 0 6 88978 4 63330
302 -2.44244 20.8856 48.8061 226 191 149 0 6 85686 4 63445
303 -2.28635 19.9649 45.2833 226 193 152 0 6 84832 4 63452
304 -2.37913 20.6863 48.8091 110 88 51 0 6 86076 4 63529
305 -1.59121 18.0928 32.529 232 198 150 0 6 74696 4 64149
306 -2.68855 26.1729 67.502 223 181 139 0 6 89316 4 64364
307 -1.33542 19.5905 33.8626 255 229 175 0 6 74738 4 65349
308 -1.36678 19.9074 36.8947 198 167 120 0 6 79396 4 65406
309 -1.21125 19.8593 32.6839 223 196 141 0 6 72654 4 65687
310 -1.18595 19.6055 32.0455 255 245 185 0 6 72303 4 65717
311 -1.2043 20.4537 35.4684 239 206 153 0 6 76213 4 65846
312 -1.11224 20.0959 34.0686 255 225 173 0 6 75148 4 66038
313 -0.828634 20.9603 33.7388 244 218 157 0 6 73974 4 66784
314 -0.552184 22.4285 35.866 98 72 47 0 6 75727 4 67609
315 -0.544884 23.0734 36.7519 101 77 51 0 6 75624 4 67698 18 7257 20 14223
316 -0.368293 24.6846 39.8987 233 203 167 0 6 78052 4 68225
317 -0.301021 23.8276 36.8665 204 171 126 0 6 75358 4 68504
318 0.382733 27.6132 41.0276 215 181 133 0 6 76943 4 70861
319 1.36364 36.9075 65.5051 71 58 49 0 6 87546 4 71567
320 -5.1081 -1.82758 8.97156 145 108 66 0 6 42408 5 7531 13 693
321 -5.08898 -1.85231 8.99988 206 173 132 0 6 43464 5 7823
322 -4.91536 -1.43884 9.03415 203 162 108 0 6 43650 5 8919
323 -4.6882 -1.08557 8.71219 192 151 99 0 6 41541 5 9011
324 -4.41441 -0.68606 8.47765 139 100 59 0 6 40995 5 9971
325 -4.43127 -0.530011 8.60709 197 160 105 0 6 40579 5 10162
326 -4.43127 -0.530011 8.60709 197 160 105 0 6 40580 5 10163
327 -4.60832 -0.80846 8.89279 111 75 43 0 6 42519 5 10232
328 -4.60832 -0.80846 8.89279 111 75 43 0 6 42520 5 10233
329 -4.90688 -1.09326 9.48523 210 166 119 0 6 45061 5 10579
330 -5.25829 -1.26025 10.4412 121 85 51 0 6 48236 5 11673
331 -5.90542 -1.21779 12.9979 181 147 110 0 6 54755 5 13941
332 -6.08559 -1.48725 13.5896 128 85 51 0 6 56954 5 14334 17 4428
333 -3.31286 3.01651 9.39779 140 107 74 0 6 39289 5 15922
334 -7.17449 -1.72828 17.4839 71 45 22 0 6 62249 5 16461
335 -3.93879 5.48985 17.4343 176 120 69 0 6 62789 5 23056
336 -3.94379 5.62042 17.7967 187 133 73 0 6 63331 5 23232
337 -4.022 6.59 20.1833 185 126 70 0 6 66060 5 24776 19 15250
338 -3.70502 10.1957 25.5223 254 215 160 0 6 69619 5 27952
339 -3.60319 10.4575 25.6875 255 213 153 0 6 69805 5 28178
340 -4.59389 13.0272 36.8343 255 180 171 0 6 77415 5 29546
341 -4.59693 13.1783 37.2667 231 203 189 0 6 77802 5 29729
342 -3.26798 13.1518 29.8931 255 235 177 0 6 72497 5 29765
343 -4.70619 13.4788 38.2 71 23 11 0 6 77938 5 29788
344 -4.6281 13.412 37.7876 29 19 9 0 6 77918 5 29814
345 -2.20849 16.3652 29.9226 255 245 181 0 6 70881 5 32044
346 -2.37033 16.0297 31.2099 255 238 171 0 6 72830 5 32215
347 -2.41658 17.0071 33.2408 143 110 67 0 6 73721 5 32476
348 -2.00751 17.4818 31.9265 237 204 153 0 6 72619 5 32751
349 -2.08894 19.4887 36.853 248 219 179 0 6 75788 5 33477
350 -2.08894 19.4887 36.853 248 219 179 0 6 75789 5 33478
351 -1.75862 17.8494 33.333 212 179 126 0 6 75797 5 33683
352 -1.20368 19.9192 33.8203 223 188 132 0 6 74574 5 34586
353 -1.68653 21.7973 40.1105 210 177 132 0 6 77973 5 34641
354 -1.67049 22.7214 41.7077 105 71 33 0 6 78426 5 34874
355 -0.811656 22.0185 36.1495 207 174 120 0 6 75696 5 35934
356 -0.554159 22.5569 36.0734 98 72 47 0 6 75727 5 36687
357 -1.81458 27.7365 54.6689 126 96 60 0 6 83383 5 36822
358 0.0652716 24.7157 36.4786 131 101 65 0 6 74588 5 38396
359 -0.382598 25.644 43.7248 183 155 131 0 6 81440 5 38925
360 0.0972161 25.2295 38.8796 221 196 155 0 6 77709 5 39122
361 0.0362024 27.1043 43.4071 210 186 142 0 6 80098 5 39302 11 270 19 1621
362 0.397553 28.7716 42.7152 215 181 133 0 6 76943 5 39417
363 0.0150552 29.8897 49.2939 171 143 106 0 6 81726 5 39496
364 0.0534715 28.2701 46.9396 33 12 0 0 6 82157 5 39550
365 0.134826 28.635 47.9225 101 72 38 0 6 82869 5 39701
366 0.708961 28.7515 43.4096 180 157 115 0 6 79861 5 39875
367 0.611343 28.8757 44.8575 107 82 52 0 6 81061 5 39877
368 -2.50777 8.83522 17.0538 165 138 93 0 8 38923 4 51923
369 -2.24889 10.0976 19.8828 231 202 158 0 8 41907 4 56505
370 -1.11224 13.3275 22.7707 141 115 80 0 8 41021 4 64229
371 -2.57411 7.71379 15.0549 241 214 169 0 8 37923 5 24610
372 -2.41558 8.25457 14.8089 219 192 149 0 8 36108 5 24749
373 -2.53261 7.81157 15.0644 190 163 116 0 8 37736 5 24856
374 -2.54589 7.84915 15.5607 229 202 157 0 8 38624 5 25360
375 -2.44918 8.18348 15.5446 210 181 139 0 8 37916 5 25657
376 -2.43621 8.57188 16.1549 231 215 164 0 8 38144 5 26168
377 -2.75991 7.97435 19.5289 245 212 167 0 8 48324 5 28013
378 -2.19709 9.65288 20.7466 166 135 91 0 8 46520 5 29488
379 -2.12082 10.0225 20.9505 159 130 88 0 8 45735 5 29855
380 -1.90455 10.6784 22.6344 234 210 162 0 8 48077 5 31981
381 -0.933833 12.8863 23.7747 210 187 156 0 8 45596 5 34732
382 -2.29726 8.53052 15.3374 217 189 149 0 8 36762 6 58419
383 -2.29948 8.53493 15.7778 162 145 93 0 8 37781 6 60080
384 -2.02156 9.4779 16.2089 147 123 87 0 8 36623 6 60493
385 -2.5121 7.47113 15.3192 180 158 111 0 8 39222 6 60707
386 -2.45247 7.9119 15.8077 172 161 107 0 8 39096 6 61264
387 -2.54696 7.45648 15.5898 194 178 127 0 8 39849 6 61429
388 -2.34661 8.05189 15.7788 165 138 93 0 8 38923 6 61610
389 -2.56313 7.34228 15.6915 255 241 191 0 8 40484 6 62047
390 -2.63506 7.05525 15.6549 189 162 115 0 8 41381 6 62354
391 -2.40274 8.05666 20.0654 227 196 150 0 8 50074 6 72622
392 -1.71861 9.69031 20.2174 234 207 164 0 8 46815 6 73009
393 -1.48231 10.2864 21.812 186 162 126 0 8 48973 6 77588
394 1.44983 0.570981 9.51263 175 143 105 0 8 75974 7 21140 10 143359 13 845 14 602 17 462 18 1373
395 1.40194 0.132116 9.71027 131 101 73 0 8 77753 7 21270 18 1236 19 482
396 1.40194 0.132116 9.71027 131 101 73 0 8 77754 7 21271 17 685 18 1237
397 1.48137 0.191305 9.6282 150 121 89 0 8 77936 7 21283 10 147221 11 77874
398 -0.625357 -1.93744 11.8686 229 208 151 0 8 76302 7 21297
399 1.40108 0.0417826 9.73917 206 179 134 0 8 78182 7 21304 10 148865 17 684
400 1.40108 0.0417826 9.73917 206 179 134 0 8 78183 7 21305 11 78434 17 683
401 1.48683 0.0881089 9.64384 125 99 76 0 8 78512 7 21318 10 148404 11 78184 13 1370 14 1970 17 372
402 -0.518034 -1.98363 11.8248 99 65 30 0 8 76997 7 21358
403 1.41049 -0.179897 9.84032 239 215 171 0 8 79274 7 21383 10 151466 11 79291 14 5105 17 694 18 1089
404 1.44497 -0.199866 9.8329 188 163 122 0 8 79595 7 21400 10 151737 11 79310
405 0.129509 -1.89874 11.3354 202 172 134 0 8 79666 7 21486
406 0.943711 -1.25684 10.6017 154 125 95 0 8 81836 7 21531 16 434
407 -0.945929 5.77183 17.9376 168 143 113 0 9 47229 7 18779 10 118046
408 -6.04157 -3.43722 14.3951 123 93 65 0 9 49341 7 20059
409 -3.92965 -0.0484254 9.31504 69 192 225 0 9 45076 8 54533
410 -4.02802 -0.00583533 9.11062 242 255 255 0 22 94810 7 16805
411 -3.87815 -0.627301 9.75549 87 205 219 0 22 73568 7 18853
412 -3.87815 -0.627301 9.75549 87 205 219 0 22 73567 7 18854
413 -3.97571 -0.961243 10.1307 245 255 255 0 22 64696 7 19201
414 -3.88507 -0.621862 9.60888 236 252 251 0 22 73809 8 60305
415 -3.88507 -0.621862 9.60888 236 252 251 0 22 73810 8 60306
416 -3.96323 -0.80202 9.68991 244 255 255 0 22 68746 9 47675
417 -3.96323 -0.80202 9.68991 244 255 255 0 22 68745 9 47676
418 -4.08287 0.131158 8.96908 211 255 252 0 23 120626 8 50862
419 -7.05982 -0.76426 8.69449 97 84 67 0 23 88633 22 84598
420 -7.05982 -0.76426 8.69449 97 84 67 0 23 88634 22 84599
421 -7.04237 -0.755515 8.7126 197 173 139 0 23 89049 22 84871
422 -7.06639 -0.754629 8.7122 204 180 142 0 23 89237 22 85049
423 -7.05207 -0.71725 8.76174 195 173 132 0 23 91424 22 86523
424 -7.04938 -0.687242 8.80482 97 79 55 0 23 93219 22 87776
425 -7.03837 -0.685 8.80066 201 178 137 0 23 93251 22 87869
426 -7.02543 -0.647367 8.85643 47 32 1 0 23 95378 22 89363
427 -7.01931 -0.640792 8.86248 209 189 152 0 23 95753 22 89614
428 -7.01931 -0.640792 8.86248 209 189 152 0 23 95754 22 89615
429 -6.98917 -0.569873 8.96249 209 187 146 0 23 99495 22 92178
430 -7.00482 -0.565772 8.9861 213 191 150 0 23 99755 22 92341
431 -7.0027 -0.549551 8.99334 197 178 138 0 23 100703 22 92930
432 -6.99693 -0.536828 8.99309 213 191 150 0 23 101386 22 93406
433 -6.99022 -0.516291 9.02546 205 180 140 0 23 102446 22 94089
434 -6.97367 -0.478904 9.08986 209 185 147 0 23 104300 22 95119
435 -6.98951 -0.462071 9.10858 218 195 154 0 23 105191 22 95860
436 -6.98951 -0.462071 9.10858 218 195 154 0 23 105192 22 95861
437 -6.93337 -0.441239 9.14598 218 195 153 0 23 105846 22 96233
438 -6.94015 -0.403608 9.18846 207 185 148 0 23 107697 22 97445
439 -6.84839 -0.272281 9.36142 166 149 121 0 23 113130 22 100823
440 -6.85448 -0.214081 9.35491 208 185 141 0 23 115994 22 102346
441 -6.78699 -0.11503 9.51699 215 192 148 0 23 119521 22 104356
442 -6.82122 -0.0787312 9.65 217 194 160 0 23 120988 22 104927
443 -6.73771 -0.0570175 9.66389 217 194 153 0 23 121369 22 105308
444 -6.75478 -0.057035 9.66118 55 40 17 0 23 121509 22 105407
445 -6.73124 -0.0341707 9.69732 218 197 154 0 23 122383 22 105817
446 -6.74458 -0.0198931 9.72357 234 218 192 0 23 123054 22 106212
447 -6.72139 0.0226441 9.77554 87 72 49 0 23 124817 22 107155
448 -6.71754 0.0474114 9.8279 224 203 156 0 23 125709 22 107611
449 -6.69397 0.0491113 9.81067 210 189 142 0 23 125708 22 107648
450 -6.74176 0.0562338 9.84699 81 61 26 0 23 126300 22 107827
451 -6.7059 0.0690279 9.8441 204 182 145 0 23 126672 22 108132
452 -6.71017 0.070584 9.84849 218 195 151 0 23 126741 22 108200
453 -6.66833 0.106872 9.8748 213 191 144 0 23 128025 22 109030
454 -6.6167 0.152317 9.93641 222 199 155 0 23 129566 22 109699
455 -6.65907 0.167393 9.97505 134 119 96 0 23 130405 22 110073
456 -6.65907 0.167393 9.97505 134 119 96 0 23 130406 22 110074
457 -6.60104 0.222789 10.0406 112 97 74 0 23 132166 22 110860
458 -6.5372 0.270802 10.0867 54 33 4 0 23 133408 22 111547
459 -6.43159 0.422118 10.2691 214 193 148 0 23 137802 22 113356
460 -6.43449 0.441712 10.3126 45 33 11 0 23 138293 22 113549
461 -6.4198 0.48124 10.3428 162 144 120 0 23 139462 22 113999
462 -6.4198 0.48124 10.3428 162 144 120 0 23 139463 22 114000
463 -6.37359 0.545319 10.4492 219 192 147 0 23 140773 22 114565
464 -6.36233 0.565176 10.4671 221 196 155 0 23 141272 22 114782
465 -6.01179 0.973654 10.8825 47 36 16 0 23 147435 22 117829
466 -6.01819 1.00659 10.9395 215 193 143 0 23 147783 22 118016
467 -5.97882 1.01238 10.9201 237 208 178 0 23 147821 22 118061
468 -5.95769 1.02731 10.9228 24 15 0 0 23 147993 22 118159
469 -5.95455 1.05077 10.9511 221 201 166 0 23 148231 22 118286
470 -5.90616 1.10869 11.0081 214 190 146 0 23 148618 22 118562
471 -2.82653 8.05111 16.9394 193 149 88 0 3 58624 6 61370
472 -2.76526 10.6688 24.6103 251 206 123 0 3 62069 6 72080
473 -2.56995 7.97579 15.2271 211 170 106 0 3 60598 8 37541 1 2931 1 97340
474 -2.45362 8.91838 16.9935 252 212 142 0 3 63514 8 38752
