0 -2.43846 0.753339 6.51138 255 241 170 0 0 152 1 259
1 -2.41368 0.754348 6.5137 255 208 144 0 0 291 1 304
2 -2.39792 0.748012 6.52806 183 127 68 0 0 427 1 342
3 -2.42384 0.719304 6.58895 255 212 146 0 0 492 1 364
4 -2.31891 0.78963 6.43124 239 188 125 0 0 543 1 408
5 -2.41558 0.708541 6.59067 255 219 158 0 0 551 1 389
6 -2.30845 0.796957 6.42131 255 212 151 0 0 574 1 418
7 -2.68167 0.435917 7.03763 255 237 180 0 0 602 1 353 7 780
8 -2.04123 1.01483 6.05629 254 213 149 0 0 750 1 561
9 -2.13982 0.916818 6.24241 173 129 82 0 0 789 1 565
10 -2.31145 0.723728 6.57442 255 203 146 0 0 903 1 578
11 -2.31145 0.723728 6.57442 255 203 146 0 0 903 1 578
12 -2.76675 0.275105 7.35109 212 170 120 0 0 927 1 513
13 -2.75622 0.296876 7.36602 158 107 52 0 0 995 1 548
14 -2.22078 0.783952 6.45476 233 187 135 0 0 996 1 618
15 -2.03549 0.959812 6.15597 221 172 105 0 0 1064 1 679
16 -2.33028 0.658048 6.67216 255 233 170 0 0 1084 1 633
17 -2.33028 0.658048 6.67216 255 233 170 0 0 1084 1 633
18 -2.23327 0.77036 6.5077 235 188 134 0 0 1089 1 652 2 3451
19 -2.74411 0.250003 7.38721 173 121 82 0 0 1100 1 584
20 -1.93716 1.03796 6.01229 176 124 74 0 0 1142 1 736
21 -2.2832 0.685613 6.64796 255 206 151 0 0 1220 1 707
22 -2.37267 0.583553 6.82606 207 151 92 0 0 1256 1 716
23 -2.04426 0.886507 6.2531 184 133 67 0 0 1260 1 778
24 -1.98698 0.945644 6.16711 255 215 149 0 0 1282 1 810
25 -2.35972 0.573005 6.82226 195 140 83 0 0 1284 1 735
26 -1.9329 0.986443 6.1685 224 175 116 0 0 1472 1 943
27 -1.92084 0.927282 6.23014 230 178 118 0 0 1574 1 1044
28 -1.58185 1.24147 5.63954 255 205 139 0 0 1614 1 1218
29 -1.58185 1.24147 5.63954 255 205 139 0 0 1614 1 1218
30 -0.821739 0.37304 4.34086 255 220 174 0 0 1909 1 1825
31 -0.868723 1.54548 5.06982 57 39 19 0 0 2708 1 2652 2 3513 11 5373
32 -1.13108 1.15187 5.7696 255 228 166 0 0 2743 1 2400 2 4262 7 1546
33 -1.25576 0.960536 6.10292 197 148 90 0 0 2755 1 2331
34 -1.24868 0.971294 6.0987 246 199 131 0 0 2774 1 2359 11 1967
35 -1.25554 0.947633 6.1478 255 207 141 0 0 2815 1 2385
36 -1.17629 1.02647 6.00208 247 200 130 0 0 2925 1 2554
37 -1.19666 0.985423 6.0853 190 141 83 0 0 2990 1 2572
38 -1.20867 0.944453 6.13271 255 211 144 0 0 3029 1 2589
39 -1.20149 0.943856 6.14601 241 197 134 0 0 3115 1 2649 5 35357
40 -1.21417 0.900134 6.2413 178 133 76 0 0 3262 1 2768
41 -1.12864 1.02146 6.00541 255 210 142 0 0 3267 1 2853
42 -1.03152 1.16538 5.74247 198 149 93 0 0 3285 1 2937
43 -1.00754 1.19404 5.69852 247 202 137 0 0 3332 1 2994
44 -1.13574 0.971248 6.09355 203 153 92 0 0 3405 1 2935
45 -1.12214 0.976277 6.06357 255 219 152 0 0 3427 1 2963
46 -1.12214 0.976277 6.06357 255 219 152 0 0 3427 1 2963
47 -1.12892 0.977991 6.08711 253 204 138 0 0 3449 1 2963
48 -1.12892 0.977991 6.08711 253 204 138 0 0 3449 1 2963
49 -1.1329 0.950435 6.13198 218 170 106 0 0 3578 1 2996 7 26186
50 -1.12507 0.955433 6.1211 255 226 161 0 0 3620 1 3012 11 3220
51 -0.870208 1.35054 5.40733 228 193 137 0 0 3703 1 3357
52 -0.961538 1.18221 5.70507 250 207 154 0 0 3897 1 3294 2 4544 7 15902
53 -0.946668 1.17566 5.72497 166 121 79 0 0 4260 1 3410 7 16271
54 -0.930184 1.13333 5.7915 250 204 155 0 0 4854 1 3620
55 -0.931111 1.13416 5.79539 244 201 156 0 0 4859 1 3620 2 4745
56 -0.896927 1.19503 5.69511 212 160 102 0 0 4877 1 3657
57 -0.923999 1.14409 5.80368 174 126 86 0 0 5002 1 3660
58 -0.909512 1.14661 5.78521 216 157 101 0 0 5155 1 3717 9 6167
59 -0.449221 0.381071 4.33693 45 13 2 0 0 5595 1 4815
60 -0.880069 1.15481 5.79355 217 156 101 0 0 5785 1 3961
61 -0.85743 1.15096 5.78182 201 140 83 0 0 6191 1 4136
62 -0.788648 1.24441 5.58468 169 117 59 0 0 6376 1 4337
63 -0.779935 1.2593 5.55887 164 113 56 0 0 6410 1 4357 9 14094
64 -0.825346 1.1789 5.72435 184 129 64 0 0 6516 1 4301
65 -0.882077 1.01398 5.92516 105 70 42 0 0 6607 1 4218 8 9663
66 -0.835181 1.14824 5.7811 209 150 92 0 0 6680 1 4333
67 -0.83597 1.14859 5.78415 208 149 91 0 0 6681 1 4333
68 -0.700235 1.38662 5.33196 200 154 102 0 0 6713 1 4603 5 3134 7 27705
69 -0.69977 1.36805 5.36476 191 144 92 0 0 6966 1 4685
70 -0.846036 1.09285 5.89467 125 105 81 0 0 7141 1 4451
71 -0.785878 1.20523 5.69044 184 134 73 0 0 7142 1 4565
72 -0.694964 1.33436 5.42026 187 136 73 0 0 7393 1 4828
73 -0.701849 1.31076 5.45324 228 174 100 0 0 7453 1 4829
74 -0.6775 1.36445 5.38076 255 222 150 0 0 7530 1 4885
75 -0.6775 1.36445 5.38076 255 222 150 0 0 7530 1 4885
76 -0.823674 1.07631 5.90079 233 183 124 0 0 7587 1 4643
77 -0.395049 0.372231 4.3407 176 106 70 0 0 7589 1 5731
78 -0.65716 1.40616 5.31881 255 206 143 0 0 7591 1 4945 8 12073
79 -0.669877 1.36894 5.37464 194 145 78 0 0 7671 1 4938 8 11920
80 -0.394619 0.36683 4.34772 231 216 183 0 0 7678 1 5759
81 -0.675678 1.35511 5.40022 255 213 143 0 0 7716 1 4937 2 4674 5 3267 9 16885 11 6824
82 -0.696692 1.30465 5.47855 241 187 115 0 0 7752 1 4896
83 -0.708478 1.28776 5.52237 253 199 125 0 0 7764 1 4880 11 6152
84 -0.665936 1.35948 5.38206 222 168 104 0 0 7811 1 4987
85 -0.654311 1.38543 5.35694 246 195 130 0 0 7891 1 5052
86 -0.633875 1.41602 5.28519 193 146 104 0 0 7899 1 5135 8 12045
87 -0.633875 1.41602 5.28519 193 146 104 0 0 7899 1 5135
88 -0.626462 1.43232 5.26346 162 115 73 0 0 7926 1 5183 7 27112 8 12121
89 -0.648826 1.37474 5.35448 245 191 129 0 0 7986 1 5127 9 17605
90 -0.683317 1.30126 5.4933 247 194 124 0 0 8050 1 5048 11 6482
91 -0.698955 1.26679 5.55392 173 123 54 0 0 8081 1 5014
92 -0.626898 1.41459 5.29754 125 80 41 0 0 8100 1 5286
93 -0.373542 0.37738 4.33366 255 231 182 0 0 8183 1 6101
94 -0.372913 0.381699 4.33495 31 3 0 0 0 8200 1 6127
95 -0.620092 1.41269 5.30038 212 161 116 0 0 8224 1 5411 11 7736
96 -0.666989 1.30585 5.48108 246 193 123 0 0 8276 1 5259
97 -0.804262 1.02332 5.98183 243 188 124 0 0 8279 1 4898
98 -0.657504 1.32905 5.4475 255 202 134 0 0 8283 1 5275 11 6923
99 -0.663213 1.31209 5.47679 192 139 71 0 0 8309 1 5296 11 6756
100 -0.840898 0.937574 6.12805 255 206 135 0 0 8313 1 4866
101 -0.840898 0.937574 6.12805 255 206 135 0 0 8313 1 4866
102 -0.368098 0.37766 4.33389 255 230 181 0 0 8318 1 6195
103 -0.846613 0.908175 6.17874 216 167 98 0 0 8409 1 4897
104 -0.665479 1.28316 5.5166 255 206 138 0 0 8435 1 5372
105 -0.845822 0.91846 6.19551 255 215 143 0 0 8471 1 4933
106 -0.806084 0.972827 6.06311 200 147 79 0 0 8513 1 5012
107 -0.640249 1.30538 5.47207 250 196 132 0 0 8598 1 5569
108 -0.680555 1.2219 5.63388 215 171 98 0 0 8636 1 5486
109 -0.640089 1.29652 5.503 247 196 130 0 0 8702 1 5620
110 -0.637154 1.28654 5.51613 243 190 124 0 0 8796 1 5672
111 -0.804485 0.916664 6.15584 217 169 95 0 0 8811 1 5257
112 -0.799923 0.934281 6.14176 255 217 148 0 0 8816 1 5280
113 -0.80047 0.918229 6.16771 255 223 148 0 0 8910 1 5342
114 -0.811067 0.895629 6.21132 231 189 113 0 0 8924 1 5319 7 30070
115 -0.755318 1.01573 6.01711 123 93 65 0 0 8998 1 5498 2 5562
116 -0.578782 1.39376 5.33267 139 88 41 0 0 9000 1 5951
117 -0.543069 1.46342 5.20369 170 132 96 0 0 9039 1 6113
118 -0.543069 1.46342 5.20369 170 132 96 0 0 9039 1 6113
119 -0.530004 1.4917 5.15754 109 74 42 0 0 9071 1 6174
120 -0.661864 1.19845 5.67988 255 216 144 0 0 9123 1 5744
121 -0.595543 1.33605 5.43465 209 158 105 0 0 9173 1 5978
122 -0.642026 1.23225 5.61936 214 163 97 0 0 9197 1 5838
123 -0.642296 1.21562 5.63351 255 219 150 0 0 9260 1 5857
124 -0.642296 1.21562 5.63351 255 219 150 0 0 9260 1 5857
125 -0.573796 1.35496 5.40222 160 113 67 0 0 9418 1 6171 9 16970
126 -0.771663 0.904769 6.1944 255 238 174 0 0 9426 1 5643
127 -0.530923 1.44512 5.23386 162 124 88 0 0 9434 1 6287
128 -0.63968 1.1825 5.68154 255 220 141 0 0 9485 1 5992
129 -0.566565 1.3374 5.42358 199 155 108 0 0 9624 1 6266
130 -0.608034 1.22833 5.61239 250 197 131 0 0 9673 1 6202
131 -0.603054 1.23155 5.60641 185 134 69 0 0 9734 1 6233 8 10956
132 -0.700429 1.00471 6.02205 244 191 121 0 0 9765 1 6002 2 5865 11 5448
133 -0.599202 1.23879 5.60752 238 187 121 0 0 9787 1 6264
134 -0.599202 1.23879 5.60752 238 187 121 0 0 9787 1 6264
135 -0.682842 1.02975 5.96721 203 153 102 0 0 9829 1 6092
136 -0.570292 1.27867 5.53429 240 191 133 0 0 9930 1 6389
137 -0.299836 0.378796 4.33262 255 228 161 0 0 9932 1 7090
138 -0.619723 1.14025 5.77754 197 146 83 0 0 10012 1 6338
139 -0.597165 1.19246 5.68512 203 150 84 0 0 10020 1 6384 11 6976
140 -0.679071 0.989281 6.03248 231 176 109 0 0 10036 1 6227
141 -0.577024 1.22687 5.62068 189 139 80 0 0 10105 1 6442
142 -0.579661 1.21424 5.63275 237 187 124 0 0 10107 1 6440
143 -0.578937 1.20549 5.65698 255 209 141 0 0 10197 1 6475
144 -0.580836 1.19342 5.67071 203 149 85 0 0 10212 1 6478
145 -0.598618 1.14512 5.76324 246 193 127 0 0 10261 1 6463
146 -0.614942 1.10557 5.8408 118 87 56 0 0 10294 1 6439 11 6443
147 -0.637492 1.01601 5.98073 209 155 91 0 0 10413 1 6451
148 -0.591391 1.12795 5.78269 233 179 119 0 0 10430 1 6528
149 -0.561114 1.18671 5.64939 192 141 84 0 0 10434 1 6583 8 10625
150 -0.598909 1.11357 5.82393 228 177 124 0 0 10462 1 6519
151 -0.590358 1.11127 5.83355 142 104 65 0 0 10594 1 6589 11 6690
152 -0.63304 0.980798 6.03502 187 128 68 0 0 10618 1 6531
153 -0.540322 1.19712 5.65635 199 152 106 0 0 10713 1 6736 8 10578
154 -0.558952 1.13083 5.77532 218 165 111 0 0 10802 1 6738
155 -0.54896 1.15139 5.75336 232 181 128 0 0 10867 1 6794
156 -0.599889 1.01405 6.01501 170 117 75 0 0 10940 1 6704 2 6444
157 -0.55004 1.1301 5.79775 150 107 62 0 0 10966 1 6836 2 5909 11 7223
158 -0.608154 0.9655 6.06954 213 159 85 0 0 10998 1 6709
159 -0.541369 1.13272 5.77759 229 183 131 0 0 11042 1 6894
160 -0.540025 1.12512 5.8044 193 150 105 0 0 11147 1 6954
161 -0.540025 1.12512 5.8044 193 150 105 0 0 11147 1 6954
162 -0.570982 1.01281 5.97541 163 112 65 0 0 11215 1 6897
163 -0.580841 0.886727 6.21863 202 153 87 0 0 11709 1 7141
164 -0.555638 0.928092 6.12587 255 219 149 0 0 11789 1 7248
165 -0.562819 0.885477 6.1973 174 124 61 0 0 11848 1 7266
166 -0.53458 0.938945 6.10945 224 175 116 0 0 11949 1 7409
167 -0.53458 0.938945 6.10945 224 175 116 0 0 11949 1 7409
168 -0.506893 0.977332 6.02956 208 155 101 0 0 12073 1 7586
169 -0.44215 1.16787 5.69946 64 40 14 0 0 12086 1 7769
170 -0.213606 1.59913 4.96868 62 49 32 0 0 13105 1 9015 2 5014
171 -0.157466 1.6084 4.94883 190 161 127 0 0 13570 1 9522
172 -0.263944 0.951283 6.09657 212 166 106 0 0 13840 1 9184 11 8835
173 -0.0988041 1.60049 4.96504 145 122 91 0 0 14112 1 10988 2 5436
174 -0.198503 1.02446 5.96677 114 90 62 0 0 14296 1 9714 11 9423
175 -0.179829 0.952887 6.08025 157 115 65 0 0 14761 1 10144
176 -0.0361298 -0.114182 4.75024 203 211 250 0 0 15515 1 11761
177 -0.122627 0.962344 6.03335 176 140 90 0 0 15603 1 11103
178 -0.128441 0.916837 6.1289 222 182 123 0 0 15650 1 11042
179 -0.116895 0.971748 6.06694 111 78 45 0 0 15748 1 11192
180 -0.0229959 -0.119369 4.71868 4 35 115 0 0 15799 1 12097
181 -0.0229959 -0.119369 4.71868 4 35 115 0 0 15799 1 12097
182 0.0287767 0.380045 4.33586 255 211 148 0 0 16176 1 13252
183 0.0234149 1.60882 4.94566 86 69 49 0 0 16589 1 13272
184 0.05407 0.378446 4.33347 147 79 34 0 0 16836 1 13870
185 0.0500495 1.59176 4.97921 55 39 23 0 0 17171 1 13770
186 0.0500495 1.59176 4.97921 55 39 23 0 0 17171 1 13770
187 -0.0103278 0.930523 6.12903 136 102 57 0 0 17224 1 12643 11 9809
188 0.0842475 -0.146133 4.36378 255 255 207 0 0 17751 1 14424 5 18998
189 0.128776 0.387896 4.33217 41 19 5 0 0 18565 1 15775 7 916
190 0.12894 0.384159 4.33223 78 39 8 0 0 18573 1 15768
191 0.124229 -0.161318 4.38274 61 87 112 0 0 18622 1 15336
192 0.140144 1.58469 4.99467 109 93 67 0 0 18769 1 15401
193 0.160771 -0.141369 4.38927 111 145 180 0 0 19405 1 16252
194 0.193024 0.94544 6.10848 154 118 68 0 0 19598 1 15167 2 13069
195 0.204398 0.937893 6.11652 233 198 142 0 0 19719 1 15319 2 13216 11 10832
196 0.183885 -0.253973 4.46236 123 177 255 0 0 19905 1 16566
197 0.185055 -0.221765 4.44358 73 101 123 0 0 19922 1 16629
198 0.223719 0.891713 6.21367 215 180 122 0 0 19961 1 15570
199 0.251583 0.920647 6.17558 136 103 50 0 0 20164 1 15996
200 0.233227 -0.222537 4.46228 13 29 65 0 0 20631 1 17352
201 0.314608 0.952333 6.09646 141 104 60 0 0 20717 1 16739
202 0.24513 -0.189435 4.45359 48 75 96 0 0 20847 1 17545 7 5534
203 0.250254 0.42281 4.3474 85 66 51 0 0 20917 1 18049
204 0.300663 1.62166 4.93659 150 124 87 0 0 21178 1 17962 6 17002 9 21029
205 0.257968 0.380049 4.32579 137 93 64 0 0 21185 1 18254 8 14941
206 0.259642 0.382761 4.32539 255 226 177 0 0 21220 1 18298
207 0.26093 -0.244956 4.47824 80 130 227 0 0 21232 1 17807
208 0.262226 -0.0576887 4.43403 155 160 164 0 0 21274 1 17954 3 25139
209 0.267222 -0.2865 4.52094 125 152 243 0 0 21310 1 17824
210 0.267226 -0.291114 4.52185 97 63 54 0 0 21311 1 17817
211 0.267536 -0.0140667 4.46214 174 177 130 0 0 21321 1 18011 2 10037
212 0.371254 0.981626 6.05606 154 129 98 0 0 21403 1 17247
213 0.280625 0.00687822 4.48464 195 192 159 0 0 21485 1 18230
214 0.296409 -0.290486 4.54734 79 42 26 0 0 21666 1 18320
215 0.295435 -0.241475 4.48952 150 201 248 0 0 21693 1 18465
216 0.306629 -0.14969 4.46556 128 174 208 0 0 21899 1 18824
217 0.315384 -0.112371 4.45306 0 57 148 0 0 22079 1 19052
218 0.316914 -0.120785 4.45438 6 59 153 0 0 22118 1 19075
219 0.317575 -0.116862 4.45341 130 188 255 0 0 22132 1 19088
220 0.318915 -0.171723 4.46694 141 193 230 0 0 22150 1 19076
221 0.319133 -0.125662 4.45669 127 184 255 0 0 22174 1 19104
222 0.320104 -0.217256 4.47482 0 12 60 0 0 22177 1 19072
223 0.324982 -0.141431 4.46122 16 81 175 0 0 22262 1 19192
224 0.329619 0.342611 4.38576 145 101 76 0 0 22368 1 19484
225 0.34645 -0.232807 4.49675 0 24 63 0 0 22680 1 19393
226 0.350515 0.321392 4.41941 166 124 102 0 0 22786 1 19723
227 0.519197 0.944899 6.12897 175 138 85 0 0 22886 1 18833
228 0.358448 -0.126463 4.47357 8 47 138 0 0 22963 1 19603
229 0.369172 -0.109127 4.47385 0 34 130 0 0 23208 1 19822
230 0.37109 -0.070178 4.47443 82 147 239 0 0 23253 1 19871
231 0.378555 -0.223902 4.49676 1 19 67 0 0 23400 1 19910
232 0.378196 -0.0696224 4.47726 70 134 222 0 0 23420 1 20005
233 0.564535 0.948036 6.12637 157 121 73 0 0 23486 1 19294 6 32669
234 0.44995 1.61824 4.92752 190 176 150 0 0 23535 1 20331 2 10581 5 12351 6 15315
235 0.418864 0.0510032 4.56265 167 173 129 0 0 24002 1 20649 11 18326
236 0.426689 0.0600898 4.5719 238 246 207 0 0 24180 1 20836
237 0.423198 -0.214985 4.49114 136 183 255 0 0 24464 1 21023
238 0.444109 0.0769698 4.59353 0 4 13 0 0 24600 1 21183
239 0.444109 0.0769698 4.59353 0 4 13 0 0 24600 1 21183
240 0.444776 0.0803899 4.59407 61 65 74 0 0 24607 1 21206
241 0.433445 0.281679 4.47408 143 85 45 0 0 24674 1 21720
242 0.441744 -0.263157 4.53884 21 25 26 0 0 24861 1 21296
243 0.442558 -0.198246 4.49659 8 19 41 0 0 25008 1 21668
244 0.441787 -0.21239 4.4872 88 126 233 0 0 25041 1 21687
245 0.46363 0.0478116 4.58618 205 211 165 0 0 25222 1 21907 2 13413
246 0.462033 0.00617018 4.55366 117 135 157 0 0 25300 1 22092
247 0.452264 -0.186239 4.49651 20 30 42 0 0 25314 1 22058
248 0.705576 0.901327 6.2074 207 177 117 0 0 25436 1 20704
249 0.457354 -0.224807 4.49343 0 8 21 0 0 25478 1 22249
250 0.482957 -0.366022 4.64942 154 168 203 0 0 25605 1 21990
251 0.472689 -0.00646289 4.54738 112 141 159 0 0 25615 1 22499
252 0.472603 -0.00945451 4.54637 9 16 32 0 0 25619 1 22491
253 0.468355 -0.175524 4.50022 122 138 151 0 0 25745 1 22608
254 0.471159 -0.263379 4.48739 12 16 27 0 0 25893 1 22777
255 0.49256 -0.36841 4.63329 86 93 103 0 0 25920 1 22420
256 0.480011 -0.260104 4.47778 6 12 34 0 0 26166 1 23209
257 0.485514 -0.199755 4.49015 97 98 100 0 0 26247 1 23390 8 8852
258 0.489449 -0.200938 4.48931 1 0 0 0 0 26353 1 23553
259 0.50088 -0.0569209 4.53614 56 73 116 0 0 26436 1 23724
260 0.50088 -0.0569209 4.53614 56 73 116 0 0 26436 1 23724
261 0.764591 0.932148 6.11908 200 164 106 0 0 26588 1 22139 2 17239
262 0.779461 0.941156 6.13633 252 218 157 0 0 26760 1 22379
263 0.514361 -0.104778 4.51166 4 5 7 0 0 26955 1 24578
264 0.512786 -0.25841 4.4853 97 158 249 0 0 27098 1 24683
265 0.556807 0.0597757 4.64692 146 159 131 0 0 27507 1 25095
266 0.550702 -0.24437 4.49005 58 92 189 0 0 27874 1 25831
267 0.552618 -0.30032 4.48308 8 21 40 0 0 27927 1 25901
268 0.876645 0.920714 6.14325 160 126 80 0 0 27961 1 24765 2 17760
269 0.893316 0.925031 6.1649 231 196 140 0 0 28051 1 25033
270 0.95674 0.938074 6.14294 153 120 77 0 0 28780 1 26090
271 1.01151 0.964135 6.09162 120 90 52 0 0 29187 1 27063
272 1.02098 0.960164 6.10438 189 156 113 0 0 29231 1 27168
273 1.04168 0.923147 6.16831 175 138 93 0 0 29267 1 27215
274 0.779098 -0.0295064 4.98552 229 255 252 0 0 29382 1 28073 8 10426
275 1.05606 0.978656 6.06098 168 138 100 0 0 29452 1 27868
276 1.05606 0.978656 6.06098 168 138 100 0 0 29452 1 27868
277 0.791775 -0.0317942 4.99546 107 76 81 0 0 29458 1 28247
278 0.795588 -0.0265282 4.99144 142 89 58 0 0 29496 1 28316
279 1.09695 0.978885 6.05725 82 61 40 0 0 29705 1 28411
280 1.11681 0.959927 6.08997 178 145 100 0 0 29790 1 28523
281 1.12115 0.977705 6.05131 101 77 49 0 0 29906 1 28675
282 0.874384 1.60654 4.9448 73 57 34 0 0 30219 1 30183
283 1.08919 1.18625 5.67399 41 27 14 0 0 30440 1 29649 2 18362
284 1.31389 -0.613182 6.53705 113 98 93 0 0 30480 1 28895
285 1.31389 -0.613182 6.53705 113 98 93 0 0 30480 1 28895
286 1.23853 0.952027 6.0963 153 121 80 0 0 30741 1 29763
287 0.920821 1.61123 4.94157 165 149 123 0 0 30773 1 31318
288 0.920902 -0.0394218 5.00491 228 255 255 0 0 30800 1 30203
289 1.23928 0.970267 6.07368 109 89 64 0 0 30814 1 29856
290 0.936783 1.59886 4.97942 64 51 34 0 0 30860 1 31365 10 16812
291 0.928073 -0.0202677 4.973 231 255 253 0 0 31024 1 30621
292 1.36835 0.905918 6.18565 186 156 118 0 0 31591 1 31313
293 1.35863 0.920119 6.14707 199 168 121 0 0 31608 1 31359
294 1.19245 1.23737 5.59714 157 150 124 0 0 31620 1 31953
295 1.36796 0.945842 6.10125 143 112 66 0 0 31790 1 31780
296 1.30209 1.0762 5.8522 128 121 95 0 0 31891 1 32150 8 14038
297 1.05685 -0.0620826 5.03711 98 78 77 0 0 32200 1 32882
298 1.19265 1.42019 5.27133 78 71 61 0 0 32508 1 33914 5 10310 10 16235
299 2.49584 -1.32516 8.96403 93 87 71 0 0 32693 1 32299
300 0.902628 0.387059 4.28771 254 248 232 0 0 33099 1 35172
301 1.62178 0.902055 6.16875 235 206 148 0 0 33100 1 34312
302 1.42077 1.21743 5.62621 175 174 146 0 0 33103 1 34599
303 1.49784 1.11487 5.81009 184 175 142 0 0 33156 1 34569
304 1.50023 1.13677 5.77916 97 90 64 0 0 33250 1 34708
305 1.25802 1.50793 5.12168 50 40 28 0 0 33277 1 35182
306 1.25719 1.49128 5.10932 135 130 108 0 0 33301 1 35224
307 1.62224 0.969369 6.0593 232 206 147 0 0 33309 1 34688
308 1.60616 1.04592 5.93226 146 134 92 0 0 33454 1 34973
309 1.24665 -0.0554412 5.0235 112 74 65 0 0 33524 1 35244
310 1.61935 1.06389 5.906 176 167 124 0 0 33527 1 35195
311 1.27008 -0.0794721 5.05724 255 247 226 0 0 33584 1 35335
312 1.664 0.988745 5.98905 146 129 85 0 0 33589 1 35246 2 20785
313 1.27505 -0.0791648 5.05562 255 250 233 0 0 33625 1 35402
314 1.27505 -0.0791648 5.05562 255 250 233 0 0 33625 1 35402
315 1.73995 0.912031 6.14882 157 126 71 0 0 33639 1 35278
316 1.58794 1.13144 5.76989 127 119 83 0 0 33652 1 35472
317 1.60761 1.11373 5.80612 178 170 133 0 0 33671 1 35494
318 4.27826 -2.93317 12.3466 168 210 234 0 0 33685 1 34335 6 40045
319 1.70052 0.994558 6.02057 161 141 88 0 0 33688 1 35433
320 1.74845 0.924579 6.13554 245 214 157 0 0 33693 1 35394
321 1.74845 0.924579 6.13554 245 214 157 0 0 33693 1 35394
322 1.74599 0.946914 6.09603 229 199 145 0 0 33767 1 35517
323 1.19524 0.0764159 4.79997 96 84 84 0 0 33791 1 35899
324 1.77377 0.914933 6.14441 255 232 178 0 0 33806 1 35546
325 4.34686 -2.85937 12.3192 93 128 158 0 0 33826 1 34596
326 1.74069 0.97551 6.04814 210 183 136 0 0 33844 1 35662
327 1.70163 1.03434 5.93594 133 121 83 0 0 33878 1 35782
328 1.75373 0.96359 6.05915 172 144 96 0 0 33879 1 35725
329 1.27681 -0.0209016 4.95845 124 99 95 0 0 33902 1 35962 5 8365
330 1.72109 1.03807 5.92746 198 185 150 0 0 33986 1 36006
331 4.44846 -2.91809 12.3385 155 196 226 0 0 33993 1 34837 10 7765
332 4.46832 -2.77311 12.3459 93 134 166 0 0 34012 1 34889
333 1.73197 1.03288 5.93286 110 96 67 0 0 34015 1 36074
334 1.76291 1.01145 5.98057 195 182 148 0 0 34052 1 36143
335 1.81356 0.948993 6.0775 163 144 104 0 0 34090 1 36172
336 1.85073 0.925367 6.11874 182 158 110 0 0 34147 1 36316 7 27125
337 4.79721 -2.82336 12.3486 150 196 229 0 0 34365 1 35898
338 4.79229 -2.65671 12.2404 119 157 193 0 0 34415 1 36052
339 4.8535 -2.80869 12.297 138 181 215 0 0 34439 1 36159
340 4.88352 -2.64839 12.3473 20 25 28 0 0 34444 1 36191
341 4.8772 -2.91361 12.2953 136 174 210 0 0 34461 1 36243
342 4.8772 -2.91361 12.2953 136 174 210 0 0 34461 1 36243
343 4.69395 -4.30703 11.7954 138 163 183 0 0 34520 1 36352
344 4.95054 -2.97551 12.285 25 40 61 0 0 34522 1 36465
345 4.5716 -4.1906 11.4632 30 28 49 0 0 34556 1 36466 10 3052
346 1.60145 1.44275 5.23302 163 157 131 0 0 34596 1 37401
347 4.69361 -4.10521 11.546 125 177 227 0 0 34660 1 36653
348 4.72069 -4.07135 11.578 131 182 245 0 0 34681 1 36675
349 4.71425 -4.06465 11.5651 129 181 239 0 0 34683 1 36675
350 4.75744 -4.13293 11.5706 165 218 255 0 0 34710 1 36755
351 4.75204 -4.12713 11.5238 121 174 226 0 0 34728 1 36796
352 4.79076 -4.13351 11.58 29 73 134 0 0 34735 1 36836
353 1.64519 1.44218 5.2276 179 174 145 0 0 34752 1 37715
354 1.64519 1.44218 5.2276 179 174 145 0 0 34752 1 37715
355 4.64797 -3.75191 11.2292 78 85 114 0 0 34766 1 36938
356 1.70273 1.39972 5.32502 191 186 154 0 0 34778 1 37734
357 1.96534 1.12386 5.77217 173 162 134 0 0 34859 1 37765
358 1.69191 1.44457 5.2225 209 204 175 0 0 34888 1 38119 10 6115
359 1.70088 1.43734 5.23405 134 128 102 0 0 34900 1 38140 5 7708
360 1.68827 1.45352 5.20449 196 190 164 0 0 34913 1 38179
361 1.91653 1.19416 5.64396 159 148 126 0 0 34918 1 37947
362 1.71724 1.42392 5.25625 168 162 138 0 0 34922 1 38163
363 1.68384 1.47408 5.16712 196 191 159 0 0 34958 1 38323
364 1.68283 1.48136 5.15302 195 190 158 0 0 34983 1 38389
365 4.61259 -2.76329 10.6296 169 206 225 0 0 35056 1 37367 7 2419
366 4.64542 -2.70829 10.6392 96 124 146 0 0 35105 1 37415
367 4.6783 -2.94874 10.6643 173 214 242 0 0 35152 1 37446
368 4.64399 -2.88627 10.5742 70 110 135 0 0 35181 1 37479
369 4.68671 -2.67934 10.6251 0 24 59 0 0 35203 1 37523
370 1.89585 1.30167 5.46491 171 161 136 0 0 35204 1 38605
371 2.15324 1.0327 5.93483 111 96 65 0 0 35216 1 38386
372 4.66662 -2.88383 10.5701 83 121 140 0 0 35228 1 37541
373 4.65574 -2.96801 10.5494 103 143 168 0 0 35234 1 37533
374 4.66501 -3.01279 10.5556 63 103 129 0 0 35244 1 37549 7 24426
375 4.69768 -2.69663 10.6018 2 30 33 0 0 35246 1 37593 6 36265
376 4.72115 -2.73121 10.6374 10 40 32 0 0 35255 1 37600
377 4.70892 -2.75072 10.6127 148 190 214 0 0 35264 1 37604
378 4.70162 -2.90712 10.5829 176 216 242 0 0 35297 1 37622
379 4.71272 -2.85467 10.5893 90 128 151 0 0 35327 1 37640
380 4.72398 -2.67222 10.5934 89 135 96 0 0 35338 1 37672
381 4.69272 -2.89032 10.5345 181 220 249 0 0 35351 1 37666
382 4.662 -3.07615 10.4846 12 45 80 0 0 35355 1 37650
383 4.6695 -3.07919 10.4705 190 233 255 0 0 35390 1 37686 9 1811
384 4.6695 -3.07919 10.4705 190 233 255 0 0 35390 1 37686
385 4.73158 -2.89738 10.5605 172 211 242 0 0 35421 1 37718
386 4.73158 -2.89738 10.5605 172 211 242 0 0 35421 1 37718
387 4.6952 -2.96984 10.4942 169 213 242 0 0 35424 1 37713
388 4.6834 -3.05058 10.4674 199 237 255 0 0 35434 1 37724
389 4.6834 -3.05058 10.4674 199 237 255 0 0 35434 1 37724
390 4.73931 -2.87135 10.5445 67 106 137 0 0 35461 1 37771
391 4.73931 -2.87135 10.5445 67 106 137 0 0 35461 1 37771
392 4.76541 -2.84644 10.5845 169 206 232 0 0 35467 1 37778
393 4.73694 -3.00074 10.5216 166 210 239 0 0 35502 1 37787
394 4.7005 -3.0692 10.455 189 234 255 0 0 35507 1 37789
395 4.72749 -3.04449 10.4913 7 36 68 0 0 35521 1 37806
396 4.73221 -3.06947 10.4824 0 22 56 0 0 35547 1 37829
397 4.71503 -3.0805 10.4491 0 19 54 0 0 35554 1 37836 5 35037
398 4.73081 -3.04923 10.4724 203 238 255 0 0 35560 1 37846
399 4.78028 -2.95926 10.5455 68 112 139 0 0 35579 1 37868
400 4.73796 -3.07389 10.4631 188 226 255 0 0 35601 1 37881
401 4.73796 -3.07389 10.4631 188 226 255 0 0 35601 1 37881
402 4.78477 -2.96439 10.5435 117 159 184 0 0 35606 1 37884
403 2.2864 0.958473 6.04825 163 135 87 0 0 35660 1 38821
404 4.76752 -3.02879 10.4782 168 201 234 0 0 35667 1 37956
405 4.75936 -3.00793 10.461 89 126 153 0 0 35670 1 37964
406 2.27679 0.979681 6.01981 211 188 138 0 0 35716 1 38875
407 2.1807 1.08411 5.84418 48 45 30 0 0 35732 1 38978
408 2.1807 1.08411 5.84418 48 45 30 0 0 35732 1 38978
409 4.80067 -2.87911 10.5 154 193 226 0 0 35734 1 38022
410 4.83844 -2.87751 10.5645 82 127 122 0 0 35740 1 38019 5 2022 9 13186
411 4.77757 -3.0503 10.4531 186 222 255 0 0 35757 1 38021
412 2.17678 1.08484 5.82611 177 166 134 0 0 35781 1 39045
413 2.2691 0.994085 5.988 209 191 145 0 0 35788 1 38957
414 4.81381 -3.06051 10.487 1 18 48 0 0 35802 1 38058
415 4.84999 -2.86611 10.5372 29 77 39 0 0 35814 1 38090
416 4.8182 -3.045 10.4858 185 213 237 0 0 35815 1 38075
417 2.30499 0.968001 6.03715 112 90 51 0 0 35827 1 39008
418 4.8472 -2.82308 10.5209 95 149 99 0 0 35831 1 38111
419 2.14544 1.13612 5.75053 232 224 188 0 0 35850 1 39155
420 2.55117 0.737478 6.4579 139 114 73 0 0 35854 1 38898
421 4.82452 -3.04141 10.4505 190 223 255 0 0 35876 1 38157
422 4.82452 -3.04141 10.4505 190 223 255 0 0 35876 1 38157
423 4.82452 -3.04141 10.4505 190 223 255 0 0 35876 1 38157
424 2.06228 1.22628 5.59383 110 104 82 0 0 35887 1 39272
425 2.06122 1.22603 5.59173 110 104 82 0 0 35893 1 39272
426 4.84037 -3.01679 10.4611 24 43 60 0 0 35911 1 38189 8 12680
427 4.85858 -3.0452 10.4816 184 221 255 0 0 35930 1 38203
428 4.85858 -3.0452 10.4816 184 221 255 0 0 35930 1 38203
429 2.425 0.86842 6.21266 249 227 180 0 0 35948 1 39078
430 2.15044 1.14036 5.73307 127 117 81 0 0 35963 1 39265
431 2.40855 0.88364 6.17918 149 126 84 0 0 35968 1 39106
432 4.85122 -3.03386 10.4378 32 56 84 0 0 35986 1 38248
433 4.84232 -3.04319 10.4119 176 210 238 0 0 36000 1 38274
434 4.88659 -2.78707 10.4749 22 30 41 0 0 36009 1 38310
435 2.38147 0.928802 6.11301 139 116 85 0 0 36016 1 39198
436 1.98541 1.32585 5.42753 171 161 134 0 0 36020 1 39507
437 4.9988 -2.68733 10.6322 174 208 236 0 0 36055 1 38361
438 4.9988 -2.68733 10.6322 174 208 236 0 0 36055 1 38361
439 4.92854 -3.03289 10.5051 176 212 246 0 0 36079 1 38358
440 2.54176 0.787935 6.35952 128 102 65 0 0 36111 1 39229
441 5.10457 -3.08028 10.7839 98 150 112 0 0 36113 1 38391 5 37953
442 4.99171 -2.69511 10.581 51 79 103 0 0 36118 1 38442
443 4.99482 -2.75788 10.5822 178 215 244 0 0 36127 1 38445
444 2.5468 0.776018 6.36169 193 165 126 0 0 36139 1 39241
445 2.58921 0.737927 6.42327 211 183 135 0 0 36156 1 39254
446 5.53825 -2.31135 11.4546 102 141 180 0 0 36166 1 38546 9 5540 10 7127
447 5.02768 -2.71593 10.5911 111 142 173 0 0 36171 1 38542
448 4.944 -3.03792 10.4575 1 24 76 0 0 36172 1 38509
449 5.02675 -2.75616 10.5839 79 118 147 0 0 36178 1 38555
450 5.02675 -2.75616 10.5839 79 118 147 0 0 36178 1 38555
451 2.01737 1.29873 5.43417 209 200 169 0 0 36195 1 39730 2 22630
452 4.8148 -3.37721 10.2155 134 188 255 0 0 36213 1 38535
453 5.06744 -2.73174 10.616 95 128 161 0 0 36231 1 38615
454 5.02349 -2.81647 10.5365 79 96 114 0 0 36241 1 38628
455 2.2673 1.0725 5.84482 184 169 136 0 0 36244 1 39587
456 5.54772 -2.40427 11.393 105 140 172 0 0 36254 1 38667 9 5518 10 7116
457 5.06636 -2.6888 10.5733 93 130 159 0 0 36279 1 38683
458 2.1501 1.20578 5.62772 136 122 93 0 0 36296 1 39787 9 7879
459 2.52444 0.849834 6.25036 123 95 55 0 0 36309 1 39538
460 2.39338 0.970738 6.0287 211 188 147 0 0 36315 1 39629
461 2.51605 0.859724 6.2313 250 231 173 0 0 36322 1 39577 11 22850
462 2.68022 0.69748 6.50398 137 108 68 0 0 36330 1 39490
463 5.10527 -2.78113 10.584 3 16 33 0 0 36348 1 38781
464 5.08544 -2.74002 10.5495 176 216 242 0 0 36349 1 38790
465 5.08544 -2.74002 10.5495 176 216 242 0 0 36349 1 38790
466 4.63754 -1.17798 9.7646 119 117 102 0 0 36369 1 38991
467 2.52704 0.858779 6.22713 170 145 88 0 0 36394 1 39665
468 2.1325 1.2507 5.55874 71 65 49 0 0 36418 1 40036
469 2.55345 0.850017 6.24449 150 124 75 0 0 36475 1 39774
470 2.6708 0.734342 6.43953 141 112 72 0 0 36477 1 39690
471 2.54286 0.86942 6.21502 233 213 152 0 0 36511 1 39849
472 2.48712 0.909709 6.12375 196 171 131 0 0 36515 1 39883
473 5.45118 -2.05488 10.9958 130 168 205 0 0 36557 1 39121 5 37739
474 2.56541 0.860781 6.23061 187 160 107 0 0 36593 1 39938
475 2.43467 0.984915 6.01456 229 211 173 0 0 36599 1 40018 6 4844
476 2.24113 1.16968 5.69223 232 225 183 0 0 36612 1 40198
477 5.4959 -2.10277 11.0261 55 70 99 0 0 36626 1 39177
478 2.28147 1.13612 5.7403 217 203 166 0 0 36670 1 40259
479 2.5499 0.885995 6.16494 177 149 101 0 0 36715 1 40125
480 2.28816 1.15178 5.72146 216 207 168 0 0 36778 1 40403
481 3.20583 0.296089 7.2026 238 215 165 0 0 36786 1 39924
482 2.51532 0.944517 6.08375 156 133 92 0 0 36796 1 40268 11 23196
483 2.82261 0.671154 6.55613 134 102 64 0 0 36849 1 40202
484 3.17748 0.345681 7.11858 217 193 145 0 0 36864 1 40067
485 5.39612 -1.87683 10.6799 146 182 216 0 0 36865 1 39522
486 2.67147 0.825629 6.30337 150 122 83 0 0 36870 1 40315
487 2.50563 0.966316 6.03301 222 199 158 0 0 36880 1 40442
488 3.20824 0.322192 7.15652 206 182 134 0 0 36884 1 40097
489 2.96704 0.547959 6.76493 153 126 83 0 0 36900 1 40226
490 2.51614 0.964156 6.03681 156 131 90 0 0 36910 1 40481
491 3.24563 0.294418 7.19633 138 114 70 0 0 36918 1 40155
492 3.23424 0.31226 7.17504 150 125 85 0 0 36921 1 40170
493 5.36012 -1.78818 10.5554 137 168 199 0 0 36936 1 39673
494 2.84135 0.673666 6.54118 239 208 161 0 0 36953 1 40365
495 3.29768 0.268595 7.24971 122 96 59 0 0 36975 1 40242
496 2.51007 0.99122 5.99308 138 120 98 0 0 36996 1 40670
497 2.84334 0.699153 6.51018 207 176 130 0 0 37021 1 40505 11 22891
498 2.18388 1.3113 5.46895 121 113 92 0 0 37022 1 41022 11 23741
499 2.6613 0.86253 6.21455 130 107 76 0 0 37045 1 40650
500 2.6613 0.86253 6.21455 130 107 76 0 0 37045 1 40650
501 2.68931 0.840671 6.25546 155 126 84 0 0 37052 1 40656
502 2.81828 0.738419 6.4255 223 191 150 0 0 37149 1 40737
503 3.10286 0.495077 6.85449 202 175 130 0 0 37176 1 40659
504 2.28271 1.2384 5.57601 216 206 170 0 0 37186 1 41207
505 3.23584 0.374961 7.05731 150 127 96 0 0 37190 1 40604
506 2.34691 1.18723 5.67006 111 103 80 0 0 37207 1 41179
507 2.93833 0.656664 6.57979 130 101 59 0 0 37234 1 40842
508 2.29097 1.24501 5.57488 206 198 161 0 0 37243 1 41294
509 2.29097 1.24501 5.57488 206 198 161 0 0 37243 1 41294
510 4.53623 -0.750587 9.02951 120 114 98 0 0 37275 1 40395
511 2.6062 0.966753 6.03681 222 196 159 0 0 37313 1 41175
512 2.6062 0.966753 6.03681 222 196 159 0 0 37313 1 41175
513 2.54455 1.02641 5.92727 79 75 72 0 0 37364 1 41325
514 2.35286 1.20363 5.62733 115 109 87 0 0 37381 1 41511
515 2.7432 0.863329 6.20565 243 215 175 0 0 37428 1 41321
516 3.52669 0.188542 7.38523 227 204 163 0 0 37440 1 41003
517 3.52669 0.188542 7.38523 227 204 163 0 0 37440 1 41003
518 2.38134 1.19135 5.64407 140 134 110 0 0 37465 1 41640
519 2.38134 1.19135 5.64407 140 134 110 0 0 37465 1 41640
520 5.37766 -1.70474 10.1735 165 204 237 0 0 37485 1 40579
521 3.54929 0.176628 7.39858 186 162 124 0 0 37504 1 41068
522 3.11932 0.563248 6.74067 165 138 93 0 0 37527 1 41277
523 2.52718 1.07769 5.84458 177 164 132 0 0 37546 1 41657
524 3.06999 0.605712 6.66102 124 97 54 0 0 37550 1 41346
525 3.62487 0.132449 7.47883 167 144 103 0 0 37614 1 41162 5 6041
526 2.65497 0.974164 6.01931 140 120 87 0 0 37630 1 41667
527 3.30727 0.413521 6.99115 173 147 114 0 0 37648 1 41354
528 2.7034 0.928743 6.08095 190 163 118 0 0 37666 1 41695
529 2.66844 0.968732 6.02424 212 188 150 0 0 37681 1 41733
530 2.35329 1.24613 5.5504 123 117 95 0 0 37688 1 42083 9 23465
531 2.79782 0.861259 6.21219 208 179 139 0 0 37696 1 41688
532 3.55291 0.231543 7.31081 124 99 58 0 0 37756 1 41459
533 2.49296 1.14763 5.72189 148 142 108 0 0 37811 1 42191
534 2.49271 1.15183 5.7188 144 138 104 0 0 37819 1 42200
535 3.48675 0.321255 7.16473 197 172 131 0 0 37866 1 41680
536 3.57701 0.25312 7.25017 138 114 70 0 0 37980 1 41865
537 2.60208 1.09112 5.8268 161 149 123 0 0 37994 1 42446
538 3.73919 0.140672 7.47623 120 97 65 0 0 37996 1 41850
539 3.6276 0.237282 7.30419 207 185 138 0 0 38017 1 41978
540 3.71738 0.218627 7.33509 118 93 62 0 0 38210 1 42351
541 -1.78935 1.23738 5.63556 202 148 101 0 2 2778 0 741
542 -0.990341 0.376517 4.32146 28 23 17 0 2 1356 0 954 7 3122
543 -1.99777 0.948007 6.18617 255 213 151 0 2 3341 0 1283
544 -2.1467 0.7988 6.45363 157 115 73 0 2 3505 0 1301
545 -1.96709 0.883479 6.2958 255 216 153 0 2 3557 0 1551
546 -0.946201 1.51862 5.08774 38 18 7 0 2 3389 0 2459 7 29304
547 -1.18142 1.17653 5.73216 242 191 126 0 2 4080 0 2526
548 -1.21479 1.09912 5.87068 243 192 126 0 2 4257 0 2589 7 1601
549 -1.13629 1.19881 5.6934 252 201 136 0 2 4108 0 2615
550 -1.1924 1.10896 5.84397 175 125 74 0 2 4260 0 2629
551 -0.952809 0.927916 6.17635 255 230 161 0 2 5282 0 6710
552 -0.937206 0.930927 6.16743 210 170 109 0 2 5322 0 6963
553 -0.786627 1.14986 5.77343 219 168 113 0 2 5008 0 7602
554 -0.633657 1.41063 5.29969 212 170 130 0 2 4580 0 7978
555 -0.703327 1.22764 5.62351 248 194 120 0 2 4941 0 8306 6 37749
556 -0.678506 1.2715 5.54787 255 203 128 0 2 4870 0 8358 11 6417
557 -0.654754 1.30689 5.48365 244 191 125 0 2 4818 0 8460
558 -0.726754 1.04983 5.95134 178 146 105 0 2 5524 0 9199
559 -0.650334 1.13337 5.80286 255 220 158 0 2 5448 0 9744
560 -0.692605 0.987526 6.06959 182 141 89 0 2 6054 0 9972
561 -0.692624 0.899289 6.22689 206 168 106 0 2 6734 0 10440
562 -0.668835 0.93881 6.15036 250 207 138 0 2 6562 0 10511
563 -0.558183 1.186 5.70749 225 186 143 0 2 5550 0 10642
564 -0.6324 0.992356 6.0648 244 194 131 0 2 6430 0 10695
565 -0.559514 1.1255 5.81694 219 182 140 0 2 5911 0 10911
566 -0.360377 1.61879 4.93314 204 183 138 0 2 4556 0 11027
567 -0.549636 1.12517 5.81296 159 123 87 0 2 5958 0 11031
568 -0.618013 0.951276 6.13598 212 165 97 0 2 6880 0 11047
569 -0.594674 0.998729 6.04551 215 166 110 0 2 6646 0 11099
570 -0.58877 0.987609 6.06949 194 143 88 0 2 6808 0 11246
571 -0.586482 0.93458 6.16466 253 210 142 0 2 7212 0 11503
572 -0.58006 0.894582 6.23537 255 215 155 0 2 7617 0 11766
573 -0.567999 0.903476 6.21933 255 222 159 0 2 7644 0 11846
574 -0.310262 1.6232 4.92552 165 137 97 0 2 4690 0 11882
575 -0.312603 1.61142 4.95432 140 122 86 0 2 4727 0 11923 7 22976 11 10814
576 -0.556297 0.898313 6.22738 250 209 147 0 2 7763 0 11970
577 -0.468285 0.949626 6.12729 157 121 71 0 2 8053 0 12645
578 -0.200025 1.61731 4.94274 87 76 58 0 2 4996 0 13175 6 22627 7 22677 11 12329
579 -0.347436 0.949109 6.12748 222 182 123 0 2 8864 0 13375 8 4519
580 -0.328388 0.912417 6.19338 188 148 87 0 2 9189 0 13557
581 -0.328388 0.912417 6.19338 188 148 87 0 2 9190 0 13558
582 -0.163746 1.58931 4.99184 128 111 85 0 2 5201 0 13568 7 22564 11 12484
583 -0.311634 0.962203 6.10285 211 172 117 0 2 8966 0 13580
584 -0.311121 0.94239 6.13433 227 187 125 0 2 9082 0 13599
585 -0.266541 0.953372 6.11576 217 176 114 0 2 9299 0 13839
586 -0.0984504 1.60053 4.96452 141 124 96 0 2 5435 0 14111
587 -0.0753202 1.61119 4.94027 94 74 50 0 2 5463 0 14568 7 22398
588 -0.0317634 1.62529 4.91458 152 131 100 0 2 5587 0 15468
589 -0.125194 0.96439 6.08624 194 157 112 0 2 10228 0 15640
590 0.0436635 -0.189753 4.35516 255 254 228 0 2 6999 0 16749 8 1105
591 -0.0116058 0.917733 6.16001 130 96 58 0 2 11611 0 17243
592 -0.00408673 0.938526 6.1278 195 153 103 0 2 11556 0 17322
593 0.0820884 -0.156303 4.35832 254 255 229 0 2 7513 0 17697
594 0.0309228 0.919225 6.15455 137 99 52 0 2 11956 0 17755
595 0.0881435 -0.231525 4.38706 137 164 193 0 2 8052 0 17841
596 0.109301 -0.122369 4.36239 185 191 155 0 2 7849 0 18215
597 0.113585 0.182221 4.499 0 1 3 0 2 7985 0 18304
598 0.123733 0.37897 4.31586 147 73 28 0 2 6316 0 18410
599 0.137574 0.1019 4.49951 40 53 70 0 2 8529 0 18931
600 0.148858 -0.0641736 4.38766 109 110 94 0 2 8470 0 19156 6 37587 9 8189
601 0.180762 0.898014 6.18944 255 232 173 0 2 13254 0 19468
602 0.196128 0.927342 6.13964 237 207 143 0 2 13204 0 19635
603 0.17372 -0.0795616 4.39304 128 117 85 0 2 8804 0 19641
604 0.182873 -0.0495776 4.40331 217 224 193 0 2 8873 0 19841
605 0.186205 -0.0566802 4.40191 155 161 127 0 2 8905 0 19918
606 0.186936 -0.0441997 4.4063 0 4 16 0 2 8907 0 19933
607 0.187742 -0.0483371 4.40556 86 90 75 0 2 8919 0 19949 8 1886
608 0.187588 -0.0622851 4.3992 93 90 55 0 2 8913 0 19952
609 0.193889 -0.0659036 4.39919 169 169 135 0 2 8968 0 20052
610 0.201753 -0.0238764 4.421 41 51 60 0 2 9075 0 20131
611 0.225559 -0.0557495 4.41193 168 171 144 0 2 9366 0 20529
612 0.231453 -0.0516777 4.41011 162 162 138 0 2 9428 0 20610 6 9789
613 0.2437 -0.188518 4.45308 10 32 53 0 2 10146 0 20807
614 0.248339 -0.233601 4.47213 16 30 67 0 2 10461 0 20929
615 0.254463 -0.229074 4.47426 0 4 36 0 2 10555 0 21098
616 0.257448 -0.0545363 4.4311 230 255 248 0 2 9788 0 21169
617 0.261287 -0.0107483 4.4555 180 179 149 0 2 9862 0 21214
618 0.27694 -0.0143651 4.46496 193 194 162 0 2 10212 0 21433
619 0.277994 0.000371565 4.4749 206 203 172 0 2 10254 0 21444
620 0.323235 1.60719 4.94272 119 103 70 0 2 9270 0 21457
621 0.280531 -0.0120203 4.46911 111 104 75 0 2 10300 0 21497
622 0.431327 0.984474 6.03269 110 83 54 0 2 15055 0 21920
623 0.319256 -0.0887044 4.44969 88 155 246 0 2 11054 0 22175
624 0.333685 0.384819 4.3154 106 69 43 0 2 9218 0 22569
625 0.347886 -0.0731139 4.4645 78 142 240 0 2 11573 0 22736
626 0.354478 -0.067273 4.46727 2 7 11 0 2 11667 0 22869
627 0.354658 -0.160546 4.47071 120 160 232 0 2 11958 0 22898
628 0.358339 -0.1353 4.4727 116 178 255 0 2 11953 0 22965 5 22975
629 0.359605 -0.119814 4.47202 0 31 125 0 2 11917 0 22981
630 0.360852 -0.117478 4.47222 107 156 248 0 2 11932 0 23018
631 0.364622 -0.0663233 4.47332 0 10 7 0 2 11840 0 23090
632 0.365818 -0.108106 4.47216 103 173 255 0 2 12001 0 23145
633 0.536961 0.936564 6.1141 174 133 89 0 2 16114 0 23157
634 0.370762 -0.114097 4.47398 146 200 255 0 2 12114 0 23255
635 0.549564 0.928498 6.12959 216 179 126 0 2 16225 0 23299
636 0.551053 0.948592 6.09374 205 162 109 0 2 16171 0 23358
637 0.376645 -0.110871 4.47652 130 187 255 0 2 12201 0 23383
638 0.378944 -0.0725186 4.47488 0 33 108 0 2 12125 0 23437
639 0.384241 -0.136122 4.47737 58 79 96 0 2 12370 0 23569
640 0.375799 0.387653 4.31442 28 4 0 0 2 9651 0 23632
641 0.454573 1.62193 4.91572 97 84 65 0 2 10575 0 23638 6 15223
642 0.390186 -0.103446 4.47867 0 22 63 0 2 12366 0 23683
643 0.39339 -0.10054 4.46353 6 38 97 0 2 12342 0 23760
644 0.397306 -0.10119 4.48008 0 16 59 0 2 12462 0 23791
645 0.386406 0.375157 4.32757 255 226 187 0 2 9911 0 23802
646 0.399987 -0.068447 4.48433 76 115 216 0 2 12426 0 23824
647 0.404214 -0.0998986 4.48242 14 38 100 0 2 12546 0 23921
648 0.41987 0.0625173 4.57048 7 13 25 0 2 12684 0 23991 3 28511
649 0.421116 0.0720404 4.58057 55 61 73 0 2 12711 0 23998
650 0.423853 0.0511628 4.5707 237 251 216 0 2 12743 0 24095 3 28661 7 9190
651 0.412717 -0.0976017 4.48379 6 24 90 0 2 12664 0 24125
652 0.415495 -0.0708418 4.48964 0 13 81 0 2 12658 0 24184
653 0.414917 -0.101086 4.48596 136 174 236 0 2 12707 0 24193
654 0.414917 -0.101086 4.48596 136 174 236 0 2 12708 0 24194
655 0.434446 0.0622908 4.57904 215 226 196 0 2 12874 0 24380
656 0.425104 -0.0744387 4.50905 0 0 73 0 2 12843 0 24403
657 0.434959 0.0403391 4.56994 252 255 225 0 2 12917 0 24429 3 28927
658 0.424654 -0.190043 4.49389 48 69 86 0 2 13094 0 24504
659 0.425441 -0.135898 4.48832 57 82 102 0 2 12932 0 24521
660 0.433 -0.0700511 4.49474 113 147 221 0 2 12876 0 24707
661 0.432715 -0.112347 4.49174 36 53 69 0 2 12993 0 24728
662 0.42267 -0.072643 4.38765 100 151 240 0 2 12355 0 24805
663 0.454029 0.0127019 4.56156 105 106 111 0 2 13261 0 25035
664 0.454006 0.0108535 4.5607 14 14 14 0 2 13266 0 25040
665 0.443271 -0.173976 4.49435 0 4 18 0 2 13379 0 25053
666 0.4473 -0.20906 4.49326 0 3 22 0 2 13550 0 25199
667 0.430724 0.387557 4.31193 43 19 7 0 2 10557 0 25215
668 0.450765 -0.0930804 4.49413 0 18 67 0 2 13236 0 25245
669 0.455782 -0.0962023 4.49644 139 190 245 0 2 13342 0 25389
670 0.689046 0.954226 6.07723 239 203 143 0 2 16860 0 25448
671 0.463756 -0.0929696 4.49718 0 2 55 0 2 13471 0 25601
672 0.446463 0.381293 4.31482 144 82 31 0 2 10853 0 25689
673 0.713363 0.968398 6.04679 143 108 66 0 2 16932 0 25894 7 17244
674 0.473144 -0.178323 4.49451 114 124 133 0 2 13878 0 25905
675 0.498882 0.0536749 4.61027 160 166 132 0 2 14077 0 26039
676 0.479209 -0.0864056 4.48453 0 5 53 0 2 13632 0 26063
677 0.48228 -0.151418 4.50069 77 93 106 0 2 13992 0 26109
678 0.8105 0.948084 6.09181 230 205 164 0 2 17440 0 27440
679 0.816053 0.945618 6.08954 129 105 69 0 2 17472 0 27533
680 0.508859 0.381814 4.30887 135 76 32 0 2 11943 0 27645 6 6900
681 0.839022 0.952839 6.0796 63 45 31 0 2 17553 0 27777
682 0.544849 0.385357 4.30705 255 234 192 0 2 12490 0 28214
683 0.900151 0.97589 6.03782 105 76 44 0 2 17778 0 28395
684 0.555302 0.385558 4.3074 255 249 198 0 2 12637 0 28449
685 0.934456 0.942782 6.09696 199 168 121 0 2 18001 0 28671
686 1.05177 0.986469 6.02623 141 115 82 0 2 18431 0 29474
687 1.15318 0.963822 6.06706 182 150 109 0 2 18769 0 30138 11 17976
688 0.825043 0.3887 4.2899 101 63 27 0 2 16700 0 32335
689 1.42167 1.14412 5.72907 190 194 179 0 2 19716 0 32927
690 1.79903 0.905991 6.1173 191 175 141 0 2 21632 0 33979 7 27350
691 2.15697 1.06807 5.80552 155 146 117 0 2 22910 0 35727
692 2.46306 0.742531 6.3415 148 125 91 0 2 23607 0 35750 5 2186
693 2.02696 1.25141 5.51386 145 134 112 0 2 22633 0 35971
694 2.24277 1.39314 5.2321 94 91 74 0 2 23619 0 38255
695 -2.08086 1.17843 5.75763 126 90 42 0 2 2230 1 100
696 -1.71918 1.36713 5.40024 230 180 127 0 2 2149 1 470
697 -1.66679 1.33448 5.47712 159 112 70 0 2 2630 1 722
698 -2.13854 0.796902 6.44489 157 115 73 0 2 3505 1 787
699 -2.0466 0.866926 6.33207 255 222 156 0 2 3492 1 854
700 -1.94677 0.91354 6.24877 171 120 75 0 2 3516 1 996
701 -1.91389 0.898139 6.26082 244 193 136 0 2 3591 1 1096
702 -1.89458 0.912202 6.23991 116 85 56 0 2 3589 1 1123
703 -1.80144 1.0032 6.06973 143 99 54 0 2 3498 1 1163
704 -1.91343 0.80103 6.43473 229 179 126 0 2 3842 1 1338
705 -1.83521 0.878964 6.29676 205 163 115 0 2 3751 1 1367
706 -1.88344 0.763144 6.48974 138 98 62 0 2 3976 1 1458
707 -1.88344 0.763144 6.48974 138 98 62 0 2 3977 1 1459
708 -1.7746 0.873295 6.30143 240 195 130 0 2 3894 1 1538
709 -1.86536 0.751602 6.51812 224 177 123 0 2 4034 1 1546
710 -1.59802 1.00364 6.06088 188 137 74 0 2 3823 1 1684
711 -1.13002 1.16266 5.75195 255 206 143 0 2 4232 1 2380
712 -1.13002 1.16266 5.75195 255 206 143 0 2 4233 1 2381
713 -1.25558 0.815494 6.3839 255 215 149 0 2 4918 1 2781
714 -1.00252 0.800587 6.41091 255 233 164 0 2 5592 1 4191
715 -0.858524 1.10383 5.84879 114 99 80 0 2 4953 1 4264
716 -0.691739 1.46045 5.2183 184 139 98 0 2 4244 1 4443
717 -0.71198 1.34532 5.41717 237 192 135 0 2 4614 1 4684
718 -0.701971 1.33947 5.42404 250 204 144 0 2 4656 1 4776
719 -0.936251 0.739741 6.51641 255 237 171 0 2 6257 1 4809 8 13233
720 -0.707539 1.25984 5.57192 252 193 123 0 2 4841 1 4971
721 -0.836618 0.903347 6.21658 221 185 111 0 2 5764 1 5022
722 -0.726884 1.04846 5.95136 178 146 105 0 2 5524 1 5621
723 -0.742088 0.964519 6.10272 164 132 91 0 2 5899 1 5749
724 -0.683714 0.925739 6.17265 248 207 141 0 2 6555 1 6359
725 -0.66754 0.937249 6.14749 250 207 138 0 2 6561 1 6428 11 5553
726 -0.63923 0.888881 6.2324 211 173 102 0 2 7128 1 6679
727 -0.619942 0.953901 6.1183 255 207 143 0 2 6798 1 6686
728 -0.538995 1.20649 5.66379 135 109 76 0 2 5523 1 6766 8 10587
729 -0.533336 1.2071 5.65784 156 131 100 0 2 5529 1 6802
730 -0.621054 0.868761 6.26696 195 149 97 0 2 7440 1 6840 11 5704
731 -0.627777 0.833238 6.32573 233 194 137 0 2 7662 1 6855 11 5617
732 -0.573391 1.01565 6.0032 173 130 85 0 2 6607 1 6898 11 6516
733 -0.564983 1.00592 6.01645 182 135 83 0 2 6758 1 7014
734 -0.580204 0.93245 6.15154 253 210 142 0 2 7211 1 7047 11 6167
735 -0.539565 0.926503 6.15981 195 149 99 0 2 7615 1 7422 11 6514
736 -0.580157 0.725758 6.51821 201 154 100 0 2 8754 1 7506
737 -0.554778 0.761106 6.45063 114 82 44 0 2 8698 1 7637
738 -0.545523 0.760053 6.45338 204 161 108 0 2 8757 1 7709
739 -0.462469 0.873184 6.25185 173 133 81 0 2 8603 1 8137
740 -0.312431 1.62421 4.92984 165 137 97 0 2 4690 1 8150 7 22973 11 10970
741 -0.313277 1.61053 4.9544 140 122 86 0 2 4727 1 8163 7 22976 11 10814
742 -0.298924 1.64731 4.88899 234 205 149 0 2 4639 1 8265 7 22940 11 11388
743 -0.463229 0.764972 6.44322 246 209 141 0 2 9137 1 8276 11 6638
744 -0.45275 0.804371 6.36484 179 145 81 0 2 8950 1 8292
745 -0.454811 0.746942 6.46964 173 132 70 0 2 9261 1 8353
746 -0.444807 0.756765 6.44972 255 230 170 0 2 9263 1 8411
747 -0.410619 0.920562 6.16545 222 186 128 0 2 8636 1 8455
748 -0.306533 0.939848 6.12344 227 187 125 0 2 9082 1 8954
749 -0.305517 0.776102 6.41929 244 208 146 0 2 10025 1 9075 11 7887
750 -0.29388 0.804911 6.35783 255 236 178 0 2 9864 1 9110
751 -0.291475 0.745761 6.47061 192 151 95 0 2 10364 1 9161
752 -0.282698 0.81563 6.34076 236 205 151 0 2 9891 1 9162
753 -0.258182 0.841007 6.29572 236 196 135 0 2 9914 1 9294
754 -0.260592 0.749298 6.45614 255 244 181 0 2 10560 1 9353 8 16065
755 -0.260592 0.749298 6.45614 255 244 181 0 2 10559 1 9354
756 -0.222122 0.860277 6.26142 249 220 150 0 2 10116 1 9548 8 15797
757 -0.227857 0.785264 6.39309 255 231 167 0 2 10596 1 9561 8 16120
758 -0.194321 0.895258 6.19633 239 200 143 0 2 10082 1 9936
759 -0.194051 0.881091 6.22873 212 174 109 0 2 10220 1 9967
760 -0.191707 0.831492 6.30786 249 214 150 0 2 10567 1 10076
761 -0.183953 0.742447 6.45693 204 165 106 0 2 11280 1 10332
762 -0.179347 0.819473 6.33379 190 153 100 0 2 10751 1 10334
763 -0.117513 1.67195 4.84624 212 177 135 0 2 5045 1 10463
764 -0.167785 0.818942 6.33351 224 187 132 0 2 10851 1 10533
765 -0.112393 1.61502 4.94306 118 93 71 0 2 5311 1 10679
766 -0.098154 1.79869 4.62918 213 178 138 0 2 4643 1 10777
767 -0.145966 0.864844 6.25547 230 194 132 0 2 10727 1 10826
768 -0.140928 0.837716 6.29056 176 135 81 0 2 10942 1 10919
769 -0.0973628 1.63558 4.90563 203 174 134 0 2 5247 1 10999 11 13618
770 -0.0972138 1.6304 4.91707 207 182 142 0 2 5301 1 11012 11 13567
771 -0.0905313 1.74048 4.73346 150 123 93 0 2 4861 1 11046
772 -0.130272 0.845195 6.2835 255 243 188 0 2 11012 1 11076
773 -0.130439 0.804708 6.35102 234 211 159 0 2 11332 1 11098
774 -0.130439 0.804708 6.35102 234 211 159 0 2 11331 1 11099
775 -0.0901376 1.64785 4.88994 206 177 133 0 2 5221 1 11141
776 -0.0781224 1.613 4.94574 94 74 50 0 2 5463 1 11371 7 22398
777 -0.0868034 0.750096 6.45331 222 180 122 0 2 12046 1 11621
778 -0.0557467 1.68834 4.81912 169 138 94 0 2 5168 1 11755
779 -0.0684579 0.844187 6.28611 164 124 73 0 2 11592 1 11864
780 -0.0577374 0.816942 6.32812 214 174 115 0 2 11819 1 12047 11 9468
781 -0.0400613 1.68385 4.82496 206 177 133 0 2 5264 1 12152 7 22324
782 0.0047929 -0.233518 4.35776 255 255 229 0 2 6597 1 12603 8 6588
783 0.00029034 0.919841 6.14949 202 161 107 0 2 11673 1 12759
784 -0.00837917 1.67497 4.83817 139 113 80 0 2 5454 1 12760
785 0.0141203 1.63504 4.9058 111 92 62 0 2 5877 1 13115
786 0.0154013 1.64742 4.88569 120 96 68 0 2 5757 1 13150
787 0.0152725 1.72669 4.7494 169 143 110 0 2 5290 1 13197
788 0.019557 1.67381 4.83995 128 103 73 0 2 5594 1 13245 7 21902
789 0.019557 1.67381 4.83995 128 103 73 0 2 5595 1 13246
790 0.0267539 1.71446 4.77139 174 149 118 0 2 5419 1 13432 7 21790
791 0.0702681 0.864695 6.24592 239 203 129 0 2 12564 1 13592
792 0.0425236 1.59471 4.9763 52 40 24 0 2 6546 1 13640 6 19715 11 14781
793 0.0391221 1.72763 4.75025 132 109 78 0 2 5409 1 13700 7 21513 11 16418
794 0.0401921 1.73856 4.72743 118 92 65 0 2 5342 1 13724 7 21560
795 0.0410395 1.71801 4.76481 115 90 59 0 2 5457 1 13727 11 16328
796 0.040045 1.74523 4.71614 105 84 57 0 2 5304 1 13732
797 0.0500226 1.67743 4.82735 201 173 126 0 2 5734 1 13858 7 21200
798 0.0502484 1.73045 4.74382 191 166 125 0 2 5437 1 13921 7 21314 11 16557
799 0.0549159 1.7038 4.78894 215 186 142 0 2 5605 1 13997 7 21153 11 16295
800 0.060869 1.66144 4.86096 186 158 111 0 2 6019 1 14066 7 20954
801 0.055673 1.81319 4.60344 209 181 141 0 2 5047 1 14161
802 0.0739971 -0.159125 4.35871 139 133 107 0 2 7393 1 14224
803 0.0739971 -0.159125 4.35871 139 133 107 0 2 7394 1 14225
804 0.0772582 1.76629 4.68061 165 139 102 0 2 5367 1 14481
805 0.16312 0.820264 6.32662 155 118 66 0 2 13574 1 14659
806 0.161569 0.864535 6.24695 155 117 70 0 2 13301 1 14684 11 10231
807 0.120447 1.61071 4.94974 152 137 104 0 2 7186 1 15026 6 18687 7 20217 8 9940 11 15921
808 0.212326 0.822774 6.32017 235 203 144 0 2 14024 1 15253
809 0.21429 0.833602 6.3011 238 207 143 0 2 13966 1 15303
810 0.207304 0.944402 6.10432 216 180 122 0 2 13196 1 15382
811 0.233659 0.851819 6.26889 153 121 72 0 2 14052 1 15682
812 0.134822 -0.102688 4.3774 153 159 125 0 2 8328 1 15716
813 0.2412 0.857926 6.25788 223 191 130 0 2 14088 1 15799
814 0.243697 0.847682 6.27276 217 184 117 0 2 14149 1 15820
815 0.145213 -0.0983825 4.38065 217 227 193 0 2 8475 1 15926 3 22714
816 0.256533 0.861877 6.251 251 217 154 0 2 14189 1 15985
817 0.284284 0.821569 6.32016 208 177 113 0 2 14735 1 16229
818 0.17917 1.6585 4.86531 167 143 97 0 2 7277 1 16344 11 17005
819 0.161007 1.80681 4.60747 164 139 99 0 2 5539 1 16381
820 0.322833 0.7571 6.43438 221 185 127 0 2 15218 1 16520
821 0.186085 -0.0631266 4.40253 93 90 55 0 2 8913 1 16743
822 0.215349 1.62305 4.92386 118 103 72 0 2 8214 1 16829
823 0.19265 -0.0665562 4.40221 169 169 135 0 2 8968 1 16853
824 0.332589 0.91672 6.15468 192 153 96 0 2 14649 1 16857
825 0.200502 -0.0244472 4.42399 41 51 60 0 2 9075 1 16929
826 0.356143 0.887123 6.20681 139 99 50 0 2 14961 1 16985
827 0.348252 0.940993 6.10872 168 128 79 0 2 14650 1 16996
828 0.369022 0.875903 6.22051 220 181 126 0 2 15057 1 17067 11 11813
829 0.384327 0.818537 6.32387 228 192 130 0 2 15411 1 17111
830 0.364467 0.943919 6.10782 187 147 96 0 2 14790 1 17127 11 12218
831 0.228667 -0.0223281 4.43925 0 6 15 0 2 9461 1 17353
832 0.460754 0.791722 6.36963 159 123 75 0 2 16116 1 17774 10 4512 11 11975
833 0.436112 0.93152 6.13782 195 158 105 0 2 15331 1 17818
834 0.29184 1.61305 4.93986 172 157 116 0 2 8953 1 17826 10 14329
835 0.292695 1.62448 4.92234 195 176 134 0 2 8901 1 17870 6 17025 7 17353
836 0.303151 1.60011 4.96356 93 78 49 0 2 9196 1 17944 7 17078
837 0.300164 1.62659 4.91401 155 132 88 0 2 8920 1 17996 6 16916 7 17244
838 0.276954 -0.000647507 4.47822 206 203 172 0 2 10254 1 18182
839 0.314399 1.61225 4.94257 204 191 147 0 2 9197 1 18197 3 22302
840 0.502496 0.802623 6.3548 249 233 181 0 2 16346 1 18239
841 0.27988 -0.0129908 4.47133 111 104 75 0 2 10300 1 18240
842 0.280099 -0.0126394 4.47092 111 104 75 0 2 10300 1 18250
843 0.281677 0.00234503 4.48204 97 93 64 0 2 10340 1 18257
844 0.316448 1.63024 4.91127 231 218 165 0 2 9028 1 18283 3 21549 6 16712 7 16976 8 10286
845 0.321863 1.60784 4.94732 119 103 70 0 2 9270 1 18296
846 0.313029 1.68288 4.81717 206 176 124 0 2 8614 1 18433
847 0.508133 0.858158 6.25639 175 135 84 0 2 16199 1 18445
848 0.312944 1.69191 4.80751 218 191 138 0 2 8557 1 18475 6 16047 7 17335 11 19391
849 0.321722 1.68498 4.81491 255 235 180 0 2 8694 1 18654
850 0.545762 0.794167 6.36664 227 188 129 0 2 16556 1 18741 11 12575
851 0.313777 1.7468 4.70832 205 175 125 0 2 7877 1 18788
852 0.562505 0.780684 6.38893 124 91 46 0 2 16668 1 18899 6 38646
853 0.312713 -0.0982384 4.44914 89 137 213 0 2 10955 1 19027
854 0.556538 0.850539 6.26772 224 184 132 0 2 16483 1 19043 11 13006
855 0.548721 0.930669 6.12999 216 179 126 0 2 16224 1 19162
856 0.562037 0.927714 6.1344 161 124 79 0 2 16325 1 19273
857 0.612369 0.769476 6.41157 87 77 67 0 2 16888 1 19316
858 0.608081 0.784871 6.38118 152 124 77 0 2 16850 1 19323
859 0.389336 1.67776 4.8302 162 136 99 0 2 9323 1 19586 5 12229 6 15375 11 20046
860 0.430739 1.60322 4.95233 91 79 57 0 2 10472 1 19901 6 15672 7 14255
861 0.623123 0.974907 6.05296 110 81 51 0 2 16516 1 19929
862 0.687184 0.769051 6.40993 185 151 90 0 2 17185 1 19947
863 0.687184 0.769051 6.40993 185 151 90 0 2 17184 1 19948
864 0.411285 1.68045 4.8217 213 189 141 0 2 9512 1 19952 6 15133
865 0.67764 0.810252 6.34517 186 149 96 0 2 17079 1 19968
866 0.426708 1.6374 4.89747 156 134 93 0 2 10079 1 20019 6 15354 7 14639
867 0.382445 -0.105554 4.47727 0 10 69 0 2 12272 1 20096
868 0.410666 1.71168 4.76914 235 208 165 0 2 9251 1 20137
869 0.410769 1.71139 4.76879 235 208 165 0 2 9251 1 20140
870 0.726419 0.741434 6.46351 194 159 95 0 2 17431 1 20294
871 0.414772 0.0609355 4.56989 0 14 15 0 2 12620 1 20529 3 28455
872 0.72505 0.822511 6.31911 242 208 147 0 2 17277 1 20661
873 0.37107 0.384215 4.31482 243 218 187 0 2 9616 1 20715
874 0.467681 1.6639 4.84761 137 108 78 0 2 10326 1 21083 7 13737
875 0.698629 0.985419 6.0308 192 161 115 0 2 16851 1 21100
876 0.786664 0.746615 6.45263 232 197 139 0 2 17659 1 21194
877 0.431465 -0.113213 4.49511 36 53 69 0 2 12993 1 21298
878 0.433629 -0.184234 4.4925 44 61 77 0 2 13238 1 21366
879 0.448336 0.0274199 4.56254 158 154 127 0 2 13114 1 21521
880 0.476644 1.69944 4.78612 153 124 82 0 2 10030 1 21748 6 14319
881 0.493062 1.66507 4.84552 156 130 95 0 2 10630 1 21895
882 0.459907 0.0149962 4.56454 0 2 25 0 2 13369 1 21922
883 0.458971 0.00922609 4.55651 135 148 156 0 2 13335 1 21940
884 0.810747 0.78479 6.38204 184 148 88 0 2 17683 1 21967
885 0.484321 1.70441 4.77934 163 134 100 0 2 10091 1 22081
886 0.504252 1.65078 4.87205 195 169 136 0 2 10966 1 22109
887 0.805916 0.856701 6.2551 175 140 82 0 2 17575 1 22398
888 0.486702 1.72911 4.73269 206 178 139 0 2 9784 1 22467 8 13434
889 0.528606 1.63566 4.89551 128 104 76 0 2 11495 1 22699
890 0.520105 1.68582 4.80873 218 193 153 0 2 10765 1 23049 6 14037 7 12730 10 16984
891 0.497373 1.7645 4.6837 142 117 87 0 2 9638 1 23305 11 21718
892 0.484907 -0.224533 4.47662 41 77 174 0 2 14168 1 23459
893 0.874226 0.819953 6.32386 204 173 118 0 2 17919 1 23617
894 0.540216 1.68562 4.8092 227 196 150 0 2 11113 1 23881
895 0.509955 -0.196311 4.48095 0 41 145 0 2 14566 1 24625
896 0.940091 0.785307 6.38445 144 110 72 0 2 18258 1 24914 8 15953
897 0.964984 0.753302 6.43779 214 180 132 0 2 18380 1 25145
898 0.532356 -0.129203 4.50097 43 90 198 0 2 14802 1 25286
899 0.54225 -0.0966887 4.51332 2 11 40 0 2 14881 1 25517
900 0.577923 1.73973 4.71476 218 189 145 0 2 11010 1 25824
901 0.591686 -0.22579 4.4834 11 25 36 0 2 15796 1 26827
902 1.09133 0.752854 6.43388 223 186 134 0 2 18743 1 26829
903 1.06463 0.849313 6.26824 213 178 124 0 2 18596 1 27132
904 0.555712 0.385194 4.3053 255 249 198 0 2 12637 1 27432
905 1.09979 0.846757 6.26743 162 129 84 0 2 18705 1 27650
906 1.13876 0.837426 6.28484 249 224 168 0 2 18833 1 28108
907 1.13657 0.86269 6.241 255 234 184 0 2 18802 1 28231
908 1.14773 0.880971 6.20962 155 123 82 0 2 18829 1 28461
909 1.17607 0.86313 6.2349 158 125 80 0 2 18983 1 28659
910 0.818164 0.392247 4.28896 41 15 0 0 2 16613 1 33999
911 1.59455 0.974995 6.01356 131 112 79 0 2 20362 1 34625
912 1.40924 1.26892 5.513 173 177 162 0 2 19642 1 34912
913 1.65915 1.06319 5.85935 112 107 75 0 2 20756 1 35731
914 1.79078 0.920613 6.10113 184 168 135 0 2 21594 1 35883
915 2.12752 1.26182 5.49063 86 84 71 0 2 22979 1 40359
916 0.0451816 1.61114 4.95147 71 60 40 0 3 17858 0 17047 7 21212 9 21099 11 15061
917 0.19538 1.62604 4.92364 123 109 82 0 3 19741 0 19617
918 0.435278 1.61171 4.93982 93 81 59 0 3 23960 0 23215
919 0.446188 1.61432 4.9335 154 144 117 0 3 23981 0 23451 6 15383 7 13878
920 0.475506 1.57238 5.01305 25 18 10 0 3 25441 0 23783
921 0.438276 0.0311071 4.56368 103 88 59 0 3 28961 0 24555
922 -0.978719 1.4159 5.02404 59 36 18 0 3 5011 1 2135
923 -0.683268 1.7969 4.65873 123 102 73 0 3 2984 1 3185 10 16163
924 0.185736 -0.0449663 4.40982 0 4 11 0 3 23639 1 16729
925 0.270638 -0.00129053 4.4737 3 4 9 0 3 25468 1 18065
926 0.38984 0.0616262 4.56601 33 37 38 0 3 28064 1 19957
927 0.449548 0.0118365 4.55852 4 2 3 0 3 29218 1 21572
928 0.474932 0.0516191 4.59226 183 194 160 0 3 29861 1 22272
929 0.584665 1.62077 4.92079 180 164 139 0 3 25164 1 24628
930 0.590444 1.64597 4.87822 205 188 160 0 3 24601 1 25160 6 13751 11 21136
931 0.706464 1.6227 4.91448 171 152 119 0 3 26365 1 27494 5 10817
932 0.917938 1.61449 4.92261 150 138 116 0 3 29130 1 31393
933 0.989134 1.64356 4.87301 189 173 140 0 3 29220 1 33344 5 8904
934 -2.65435 1.41456 5.52269 255 245 172 0 3 3216 2 49
935 -2.5165 1.44438 5.48484 171 124 78 0 3 3257 2 146
936 -1.22984 1.88677 4.5243 179 145 110 0 3 1583 2 201 9 21827
937 -2.6386 1.36358 5.6281 249 197 140 0 3 3621 2 245
938 -1.31445 1.77799 4.77229 201 158 103 0 3 2408 2 924 4 13129
939 -1.59952 1.61833 5.10413 158 114 67 0 3 3264 2 1298
940 -1.36314 1.67189 4.95448 237 198 141 0 3 3085 2 1544
941 -1.35819 1.67477 4.95982 190 151 96 0 3 3113 2 1580
942 -1.05283 1.75216 4.78842 195 149 100 0 3 2851 2 2099 4 13235
943 -0.998484 1.74035 4.81371 245 204 152 0 3 3121 2 2438 4 13372
944 -0.812809 1.77287 4.74953 155 129 96 0 3 3169 2 2919
945 -0.713905 1.69086 4.86733 249 214 160 0 3 3996 2 3422
946 -0.577502 1.77018 4.73313 172 140 101 0 3 3597 2 3449 9 24222
947 -0.77921 1.62022 5.00415 181 155 120 0 3 5466 2 3569
948 -0.671237 1.64025 4.95346 202 165 120 0 3 5507 2 3704
949 -0.58462 1.68936 4.8629 228 194 148 0 3 4503 2 3718
950 -0.559156 1.68357 4.85288 182 149 106 0 3 4581 2 3772 8 13327 10 9202
951 -0.704635 1.57867 5.06183 183 149 111 0 3 8297 2 3883
952 -0.692316 1.57182 5.05906 167 133 95 0 3 8455 2 3909
953 -0.734122 1.52209 5.16794 151 118 83 0 3 11494 2 4019
954 -0.705016 1.50154 5.19699 238 193 138 0 3 12929 2 4144
955 -0.730182 1.48962 5.23253 219 172 126 0 3 13493 2 4152
956 -0.721867 1.48292 5.24771 172 125 79 0 3 14073 2 4214 8 12847
957 -0.111834 1.85668 4.53959 238 209 175 0 3 3655 2 4321
958 -0.317984 1.69985 4.81728 187 160 115 0 3 6538 2 4382
959 -0.287654 1.70649 4.80491 224 201 149 0 3 6567 2 4457 4 13360 9 22781
960 -0.748419 1.36738 5.44344 150 109 65 0 3 18620 2 4555
961 -0.664989 1.43069 5.33907 171 132 99 0 3 17078 2 4561
962 -0.642697 1.44804 5.31963 204 160 113 0 3 16835 2 4574
963 -0.374993 1.62137 4.96834 167 148 105 0 3 11003 2 4578 7 27146
964 -0.217787 1.71344 4.78918 180 157 125 0 3 7275 2 4652
965 -0.217787 1.71344 4.78918 180 157 125 0 3 7276 2 4653
966 0.0376859 1.66342 4.87251 151 137 111 0 3 15242 2 5887 7 21364
967 0.0425071 1.64581 4.88421 130 117 100 0 3 15774 2 5988 7 21352
968 0.0490446 1.65792 4.87916 214 198 164 0 3 15642 2 6003 7 21101
969 0.0384557 1.61499 4.95783 71 60 40 0 3 17858 2 6340 7 21212
970 0.0461734 0.0339834 4.3507 0 4 27 0 3 17855 2 6409 9 30179
971 0.084722 0.0065984 4.39034 0 2 18 0 3 20555 2 7257
972 0.0851339 0.0114354 4.39344 82 108 131 0 3 20603 2 7274
973 0.081303 0.20467 4.48951 0 1 14 0 3 21044 2 7363
974 0.0880071 0.20488 4.49513 0 6 22 0 3 21350 2 7529
975 0.0934821 -0.000748986 4.40408 0 2 19 0 3 21234 2 7572
976 0.0988331 0.183547 4.50286 86 112 145 0 3 22006 2 7781
977 0.106487 -0.0382782 4.41558 152 159 169 0 3 22219 2 7939
978 0.10687 0.185165 4.51578 73 104 133 0 3 22422 2 7986
979 0.10687 0.185165 4.51578 73 104 133 0 3 22423 2 7987
980 0.1104 0.0138936 4.43622 39 63 91 0 3 22268 2 7997
981 0.108074 -0.0378265 4.42055 132 139 147 0 3 22372 2 8008
982 0.111364 0.143383 4.50034 91 143 180 0 3 22556 2 8079 8 13924
983 0.111364 0.143383 4.50034 91 143 180 0 3 22557 2 8080
984 0.112712 0.140141 4.50074 0 0 11 0 3 22611 2 8120
985 0.117049 0.0255755 4.44478 47 67 91 0 3 22491 2 8141
986 0.139453 0.198635 4.58553 95 123 145 0 3 24256 2 8753
987 0.144547 0.193743 4.59341 0 3 10 0 3 24452 2 8831
988 0.14893 0.194782 4.60119 44 55 61 0 3 24616 2 8883 4 40953
989 0.270732 -0.00155435 4.47334 3 4 9 0 3 25468 2 10118
990 0.430049 1.62642 4.91801 149 134 103 0 3 23387 2 10257
991 0.430049 1.62642 4.91801 149 134 103 0 3 23388 2 10258 8 14716
992 0.434334 1.61151 4.94078 93 81 59 0 3 23960 2 10447
993 0.319185 -0.0296555 4.47256 128 134 108 0 3 26264 2 10989
994 0.458399 1.5829 4.99345 34 26 13 0 3 24988 2 11120
995 0.318061 -0.119662 4.45192 0 14 114 0 3 26576 2 11167
996 0.474303 1.57203 5.01421 25 18 10 0 3 25441 2 11460
997 0.472201 1.51386 5.12322 19 11 8 0 3 26921 2 11982
998 0.576045 1.64354 4.87829 208 191 163 0 3 24462 2 12012
999 0.580808 1.64364 4.87474 140 123 97 0 3 24472 2 12072 6 13823
1000 0.376026 -0.106325 4.47327 0 39 133 0 3 27649 2 12167
1001 0.408004 0.0582426 4.56877 147 154 121 0 3 28357 2 12537 4 46655
1002 0.427208 0.00572446 4.54528 133 128 106 0 3 28683 2 12788 7 7801
1003 0.446512 0.0434317 4.57319 197 206 175 0 3 29151 2 13082
1004 0.651281 1.59813 4.94777 59 47 33 0 3 26319 2 13212 7 9449
1005 0.705714 1.62167 4.91541 171 152 119 0 3 26365 2 13798 7 8773 10 16815
1006 0.501613 0.0488441 4.5971 89 79 54 0 3 30435 2 14089 6 37754
1007 0.501613 0.0488441 4.5971 89 79 54 0 3 30436 2 14090
1008 0.548166 -0.152519 4.489 0 20 101 0 3 31149 2 15004
1009 0.811248 1.62219 4.90921 189 173 147 0 3 27454 2 15157
1010 0.811248 1.62219 4.90921 189 173 147 0 3 27455 2 15158 6 12538
1011 0.582778 0.0719853 4.68022 47 38 23 0 3 32381 2 15397
1012 0.851571 1.62195 4.91173 87 76 58 0 3 28109 2 15648 5 9530 6 12068 10 16889
1013 0.852503 1.61278 4.94021 59 47 31 0 3 28497 2 15774
1014 0.852503 1.61278 4.94021 59 47 31 0 3 28498 2 15775 5 9672
1015 0.919754 1.71691 4.74171 212 195 175 0 3 25962 2 15868
1016 0.887 1.59505 4.95576 34 22 8 0 3 29294 2 16200 6 11497
1017 0.906827 1.61249 4.93212 131 116 93 0 3 29124 2 16326 7 6364
1018 0.906827 1.61249 4.93212 131 116 93 0 3 29125 2 16327 5 9402
1019 0.899784 1.59141 4.95731 115 100 77 0 3 29492 2 16336 6 11012 7 6343
1020 0.926762 1.64015 4.86969 140 122 98 0 3 28355 2 16361 6 8658 7 6384
1021 0.922421 1.58653 4.95934 113 98 75 0 3 29948 2 16504
1022 0.977748 1.63763 4.88008 119 104 81 0 3 29192 2 16751
1023 0.977906 1.63697 4.87958 119 104 81 0 3 29192 2 16753
1024 1.00037 1.67637 4.80476 152 135 107 0 3 28198 2 16773 6 7404
1025 0.988623 1.64224 4.87366 189 173 140 0 3 29220 2 16800 5 8904 6 7696
1026 0.990495 1.62412 4.90512 170 156 129 0 3 29857 2 16861 6 7752
1027 1.00273 1.6243 4.89612 127 107 83 0 3 29908 2 16917 6 7644 10 16995
1028 1.08588 1.69234 4.77601 178 166 140 0 3 28825 2 17305
1029 1.08588 1.69234 4.77601 178 166 140 0 3 28826 2 17306
1030 1.08586 1.62617 4.89779 149 137 113 0 3 31080 2 17497 7 4445
1031 1.08586 1.62617 4.89779 149 137 113 0 3 31081 2 17498 8 11335
1032 1.14815 1.65884 4.83613 229 210 180 0 3 30962 2 17807
1033 1.15204 1.6434 4.86196 212 197 166 0 3 31297 2 17875 7 3954 9 22685
1034 1.20897 1.62942 4.88407 163 150 131 0 3 32353 2 18291
1035 1.25833 1.56025 5.00801 114 113 95 0 3 34662 2 18632
1036 1.28512 1.56269 5.00583 129 128 107 0 3 34862 2 18741 6 39022
1037 1.37892 1.5288 5.05949 111 115 101 0 3 36036 2 19361
1038 1.54824 1.45037 5.19676 98 97 79 0 3 37798 2 20083
1039 1.5475 1.43963 5.21234 104 103 83 0 3 37861 2 20084
1040 1.60091 1.42924 5.22109 88 87 69 0 3 38415 2 20332
1041 1.60973 1.38716 5.29351 143 142 124 0 3 39225 2 20378 5 8277
1042 1.65718 1.21321 5.61081 180 183 152 0 3 41830 2 20728
1043 1.80769 1.09811 5.79401 193 188 159 0 3 45181 2 21745
1044 1.90509 1.23077 5.55079 75 71 60 0 3 44658 2 22172
1045 -1.31558 1.74571 4.82505 180 149 95 0 4 13438 2 1132 6 6758
1046 -0.770874 1.74055 4.7926 78 62 49 0 4 13251 2 3130
1047 -0.637186 1.7073 4.83465 124 103 76 0 4 13554 2 3534
1048 -0.36054 1.729 4.77979 185 167 119 0 4 13178 2 4150
1049 0.0460015 1.78046 4.65294 167 150 107 0 4 12282 2 5133 6 30401
1050 0.181066 1.86213 4.48978 136 117 77 0 4 10948 2 5226
1051 0.259645 1.83401 4.5345 213 193 142 0 4 11287 2 5979
1052 0.302491 1.78534 4.62165 149 130 90 0 4 11999 2 7090
1053 -2.53064 2.0397 4.44221 64 45 28 0 4 11409 3 203
1054 -2.12718 2.03157 4.39612 147 114 79 0 4 11098 3 312
1055 -1.47029 2.04751 4.33163 146 113 68 0 4 10353 3 586
1056 -2.38722 1.95176 4.59203 173 140 107 0 4 12199 3 616
1057 -1.6285 1.94791 4.50903 122 90 52 0 4 11609 3 1002
1058 -2.01312 1.87111 4.68327 134 101 70 0 4 12651 3 1200
1059 -2.05624 1.83565 4.72754 113 82 53 0 4 12891 3 1305 8 1120
1060 -1.24303 1.92847 4.50713 100 71 39 0 4 11507 3 1470 9 22055
1061 -1.66568 1.86041 4.66652 175 143 94 0 4 12531 3 1563 5 22231
1062 -1.66568 1.86041 4.66652 175 143 94 0 4 12532 3 1564
1063 -2.04348 1.81096 4.79145 141 112 80 0 4 13209 3 1566
1064 -1.1492 1.92464 4.51321 103 83 58 0 4 11514 3 1611
1065 -1.61199 1.84569 4.67821 153 121 80 0 4 12610 3 1660
1066 -1.90656 1.79914 4.78972 131 98 67 0 4 13214 3 1709
1067 -1.01008 1.9275 4.49207 196 161 105 0 4 11346 3 1719
1068 -1.31307 1.87114 4.63108 216 190 131 0 4 12293 3 1871
1069 -1.30335 1.81843 4.69433 156 125 81 0 4 12679 3 2155
1070 -1.62787 1.75336 4.83164 226 194 143 0 4 13462 3 2214 5 32545
1071 -0.907844 1.83646 4.63001 209 173 121 0 4 12267 3 2444
1072 -1.33472 1.74507 4.82298 148 119 75 0 4 13424 3 2582
1073 -0.821354 1.82886 4.64211 176 149 106 0 4 12320 3 2642
1074 -0.939389 1.7792 4.73349 143 110 75 0 4 12892 3 2820
1075 -0.849841 1.78828 4.7137 134 102 61 0 4 12764 3 2899
1076 -0.913058 1.76059 4.76179 203 171 122 0 4 13070 3 3032
1077 -0.593083 1.77301 4.71145 174 147 100 0 4 12751 3 3467
1078 -0.593083 1.77301 4.71145 174 147 100 0 4 12752 3 3468
1079 -0.776717 1.74154 4.79991 112 96 80 0 4 13290 3 3501
1080 -0.762289 1.73899 4.79605 92 76 63 0 4 13270 3 3516 6 29169
1081 -0.155675 1.69629 4.80506 219 202 150 0 4 13380 3 9045
1082 0.130284 0.297215 4.45633 255 241 230 0 4 26472 3 20051 5 13676 8 12574
1083 0.0834931 0.00400911 4.40139 49 70 87 0 4 34457 3 20892
1084 0.0801381 0.179368 4.47721 48 66 90 0 4 32219 3 20985
1085 0.0870921 0.136318 4.46503 20 46 71 0 4 33326 3 21268 8 949
1086 0.0975617 0.0103814 4.42681 62 84 108 0 4 36300 3 21848
1087 0.0984264 0.183049 4.51015 54 76 100 0 4 34630 3 22166
1088 0.130311 0.114815 4.52054 34 51 69 0 4 38769 3 23588
1089 0.316295 -0.0880254 4.45239 27 80 182 0 4 44583 3 26333
1090 0.516401 -0.121104 4.49121 98 122 158 0 4 50150 3 30453
1091 0.573719 -0.222181 4.48144 63 113 172 0 4 54074 3 31860
1092 0.606249 -0.0892343 4.55043 0 2 21 0 4 52799 3 32261
1093 0.608238 -0.0893354 4.55198 0 2 21 0 4 52903 3 32305
1094 0.621925 -0.125047 4.53491 88 143 199 0 4 53591 3 32565
1095 0.609929 -0.23378 4.49176 42 69 96 0 4 55410 3 32678
1096 0.609929 -0.23378 4.49176 42 69 96 0 4 55409 3 32679
1097 0.695691 -0.176134 4.59476 0 4 10 0 4 58262 3 34691
1098 0.699145 -0.169258 4.59634 29 55 78 0 4 58194 3 34709
1099 0.699145 -0.169258 4.59634 29 55 78 0 4 58195 3 34710
1100 0.702902 -0.165436 4.59809 16 34 54 0 4 58175 3 34735
1101 1.46892 0.724403 6.34788 214 191 157 0 4 76693 3 45199
1102 1.38631 0.518479 6.73457 201 174 129 0 4 79272 3 46305
1103 1.38631 0.518479 6.73457 201 174 129 0 4 79273 3 46306
1104 1.23317 0.34475 7.00332 52 45 37 0 4 80418 3 46316
1105 1.39397 0.460814 6.83101 164 134 96 0 4 79993 3 46802
1106 1.36912 0.385886 6.91735 195 167 128 0 4 80371 3 47039
1107 1.487 0.52254 6.73433 196 170 135 0 4 79505 3 47120
1108 -0.298907 0.617234 6.69362 242 189 121 0 11 7539 1 9191
1109 -0.230721 0.612576 6.70135 246 199 127 0 11 7894 1 9723
1110 -0.211306 0.620726 6.6823 238 189 120 0 11 8035 1 10017
1111 -0.0611485 0.673783 6.57818 194 130 68 0 11 9186 1 12024
1112 -0.0565597 0.639037 6.6421 242 188 116 0 11 9129 1 12093
1113 0.201937 0.745633 6.45057 170 125 70 0 11 10023 1 14998
1114 0.301741 0.771459 6.39968 247 204 136 0 11 10659 1 16338
1115 0.334999 0.796942 6.35355 241 192 125 0 11 11032 1 16706
1116 0.554038 0.808167 6.34064 220 173 119 0 11 12733 1 18878
1117 0.584475 0.842285 6.27799 252 214 133 0 11 13169 1 19275
1118 0.636527 0.889197 6.19877 253 205 139 0 11 13695 1 19792
1119 0.912944 0.962034 6.07634 172 134 95 0 11 16262 1 25698
1120 0.933789 0.927519 6.13936 221 184 131 0 11 16155 1 25784
1121 1.05493 0.977789 6.05631 165 129 93 0 11 17199 1 27869
1122 0.179001 1.65877 4.86528 175 138 85 0 11 17006 2 7276
1123 0.522767 1.78777 4.63964 139 104 76 0 11 22076 2 9668
1124 0.818598 1.77634 4.65325 199 173 150 0 11 23072 2 14079
